33 1494022886 261.200000 -1.000000 -101.000000 0.000000 0.000000
33 1494022887 261.200000 -1.000000 -101.000000 0.000000 0.000000
33 1494022888 261.200000 -1.000000 -101.000000 0.000000 0.000000
33 1494022889 261.200000 -1.000000 -101.000000 0.000000 0.000000
33 1494022890 261.200000 -1.000000 -101.000000 0.000000 0.000000
33 1494022891 51.400000 -1.000000 -101.000000 0.000000 0.000000
33 1494022892 51.400000 -1.000000 -101.000000 0.000000 0.000000
33 1494022893 51.400000 -1.000000 -101.000000 0.000000 0.000000
33 1494022894 51.400000 -1.000000 -101.000000 0.000000 0.000000
33 1494022895 51.400000 -1.000000 -101.000000 0.000000 0.000000
33 1494022896 137.000000 -1.000000 -101.000000 0.000000 0.000000
33 1494022897 137.000000 -1.000000 -101.000000 0.000000 0.000000
33 1494022898 137.000000 -1.000000 -101.000000 0.000000 0.000000
64 1494022896 6.800000 -1.000000 -101.000000 0.000000 0.000000
64 1494022897 6.800000 -1.000000 -101.000000 0.000000 0.000000
64 1494022898 6.800000 -1.000000 -101.000000 0.000000 0.000000
33 1494022899 137.000000 -1.000000 -101.000000 0.000000 0.000000
33 1494022900 137.000000 -1.000000 -101.000000 0.000000 0.000000
33 1494022901 194.400000 -1.000000 -101.000000 0.000000 0.000000
33 1494022902 194.400000 -1.000000 -101.000000 0.000000 0.000000
33 1494022903 194.400000 -1.000000 -101.000000 0.000000 0.000000
64 1494022899 6.800000 -1.000000 -101.000000 0.000000 0.000000
64 1494022900 6.800000 -1.000000 -101.000000 0.000000 0.000000
64 1494022901 2.600000 -1.000000 -101.000000 0.000000 0.000000
64 1494022902 2.600000 -1.000000 -101.000000 0.000000 0.000000
64 1494022903 2.600000 -1.000000 -101.000000 0.000000 0.000000
33 1494022904 194.400000 -1.000000 -101.000000 0.000000 0.000000
33 1494022905 194.400000 -1.000000 -101.000000 0.000000 0.000000
33 1494022906 147.400000 -1.000000 -101.000000 0.000000 0.000000
33 1494022907 147.400000 -1.000000 -101.000000 0.000000 0.000000
33 1494022908 147.400000 -1.000000 -101.000000 0.000000 0.000000
64 1494022904 2.600000 -1.000000 -101.000000 0.000000 0.000000
64 1494022905 2.600000 -1.000000 -101.000000 0.000000 0.000000
64 1494022906 0.600000 -1.000000 -101.000000 0.000000 0.000000
64 1494022907 0.600000 -1.000000 -101.000000 0.000000 0.000000
64 1494022908 0.600000 -1.000000 -101.000000 0.000000 0.000000
33 1494022909 147.400000 -1.000000 -101.000000 0.000000 0.000000
33 1494022910 147.400000 -1.000000 -101.000000 0.000000 0.000000
33 1494022911 142.800000 -1.000000 -101.000000 0.000000 0.000000
33 1494022912 142.800000 -1.000000 -101.000000 0.000000 0.000000
33 1494022913 142.800000 -1.000000 -101.000000 0.000000 0.000000
64 1494022909 0.600000 -1.000000 -101.000000 0.000000 0.000000
64 1494022910 0.600000 -1.000000 -101.000000 0.000000 0.000000
64 1494022911 3.200000 -1.000000 -101.000000 0.000000 0.000000
64 1494022912 3.200000 -1.000000 -101.000000 0.000000 0.000000
64 1494022913 3.200000 -1.000000 -101.000000 0.000000 0.000000
33 1494022914 142.800000 -1.000000 -101.000000 0.000000 0.000000
33 1494022915 142.800000 -1.000000 -101.000000 0.000000 0.000000
33 1494022916 162.400000 -1.000000 -101.000000 0.000000 0.000000
33 1494022917 162.400000 -1.000000 -101.000000 0.000000 0.000000
33 1494022918 162.400000 -1.000000 -101.000000 0.000000 0.000000
64 1494022914 3.200000 -1.000000 -101.000000 0.000000 0.000000
64 1494022915 3.200000 -1.000000 -101.000000 0.000000 0.000000
64 1494022916 6.200000 -1.000000 -101.000000 0.000000 0.000000
64 1494022917 6.200000 -1.000000 -101.000000 0.000000 0.000000
64 1494022918 6.200000 -1.000000 -101.000000 0.000000 0.000000
33 1494022919 162.400000 -1.000000 -101.000000 0.000000 0.000000
33 1494022920 162.400000 -1.000000 -101.000000 0.000000 0.000000
33 1494022921 180.200000 -1.000000 -101.000000 0.000000 0.000000
33 1494022922 180.200000 -1.000000 -101.000000 0.000000 0.000000
33 1494022923 180.200000 -1.000000 -101.000000 0.000000 0.000000
64 1494022919 6.200000 -1.000000 -101.000000 0.000000 0.000000
64 1494022920 6.200000 -1.000000 -101.000000 0.000000 0.000000
64 1494022921 1.600000 -1.000000 -101.000000 0.000000 0.000000
64 1494022922 1.600000 -1.000000 -101.000000 0.000000 0.000000
64 1494022923 1.600000 -1.000000 -101.000000 0.000000 0.000000
33 1494022924 180.200000 -1.000000 -101.000000 0.000000 0.000000
33 1494022925 180.200000 -1.000000 -101.000000 0.000000 0.000000
33 1494022926 126.200000 -1.000000 -101.000000 0.000000 0.000000
33 1494022927 126.200000 -1.000000 -101.000000 0.000000 0.000000
33 1494022928 126.200000 -1.000000 -101.000000 0.000000 0.000000
64 1494022924 1.600000 -1.000000 -101.000000 0.000000 0.000000
64 1494022925 1.600000 -1.000000 -101.000000 0.000000 0.000000
64 1494022926 0.200000 -1.000000 -101.000000 0.000000 0.000000
64 1494022927 0.200000 -1.000000 -101.000000 0.000000 0.000000
64 1494022928 0.200000 -1.000000 -101.000000 0.000000 0.000000
33 1494022929 126.200000 -1.000000 -101.000000 0.000000 0.000000
33 1494022930 126.200000 -1.000000 -101.000000 0.000000 0.000000
33 1494022931 125.600000 -1.000000 -101.000000 0.000000 0.000000
33 1494022932 125.600000 -1.000000 -101.000000 0.000000 0.000000
33 1494022933 125.600000 -1.000000 -101.000000 0.000000 0.000000
64 1494022929 0.200000 -1.000000 -101.000000 0.000000 0.000000
64 1494022930 0.200000 -1.000000 -101.000000 0.000000 0.000000
64 1494022931 3.600000 -1.000000 -101.000000 0.000000 0.000000
64 1494022932 3.600000 -1.000000 -101.000000 0.000000 0.000000
64 1494022933 3.600000 -1.000000 -101.000000 0.000000 0.000000
33 1494022934 125.600000 -1.000000 -101.000000 0.000000 0.000000
33 1494022935 125.600000 -1.000000 -101.000000 0.000000 0.000000
33 1494022936 182.600000 -1.000000 -101.000000 0.000000 0.000000
33 1494022937 182.600000 -1.000000 -101.000000 0.000000 0.000000
33 1494022938 182.600000 -1.000000 -101.000000 0.000000 0.000000
64 1494022934 3.600000 -1.000000 -101.000000 0.000000 0.000000
64 1494022935 3.600000 -1.000000 -101.000000 0.000000 0.000000
64 1494022936 5.600000 -1.000000 -101.000000 0.000000 0.000000
64 1494022937 5.600000 -1.000000 -101.000000 0.000000 0.000000
64 1494022938 5.600000 -1.000000 -101.000000 0.000000 0.000000
33 1494022939 182.600000 -1.000000 -101.000000 0.000000 0.000000
33 1494022940 182.600000 -1.000000 -101.000000 0.000000 0.000000
33 1494022941 170.800000 -1.000000 -101.000000 0.000000 0.000000
33 1494022942 170.800000 -1.000000 -101.000000 0.000000 0.000000
33 1494022943 170.800000 -1.000000 -101.000000 0.000000 0.000000
64 1494022939 5.600000 -1.000000 -101.000000 0.000000 0.000000
64 1494022940 5.600000 -1.000000 -101.000000 0.000000 0.000000
64 1494022941 0.800000 -1.000000 -101.000000 0.000000 0.000000
64 1494022942 0.800000 -1.000000 -101.000000 0.000000 0.000000
64 1494022943 0.800000 -1.000000 -101.000000 0.000000 0.000000
33 1494022944 170.800000 -1.000000 -101.000000 0.000000 0.000000
33 1494022945 170.800000 -1.000000 -101.000000 0.000000 0.000000
33 1494022946 125.400000 -1.000000 -101.000000 0.000000 0.000000
33 1494022947 125.400000 -1.000000 -101.000000 0.000000 0.000000
33 1494022948 125.400000 -1.000000 -101.000000 0.000000 0.000000
64 1494022944 0.800000 -1.000000 -101.000000 0.000000 0.000000
64 1494022945 0.800000 -1.000000 -101.000000 0.000000 0.000000
64 1494022946 2.000000 -1.000000 -101.000000 0.000000 0.000000
64 1494022947 2.000000 -1.000000 -101.000000 0.000000 0.000000
64 1494022948 2.000000 -1.000000 -101.000000 0.000000 0.000000
33 1494022949 125.400000 -1.000000 -101.000000 0.000000 0.000000
33 1494022950 125.400000 -1.000000 -101.000000 0.000000 0.000000
33 1494022951 141.000000 -1.000000 -101.000000 0.000000 0.000000
33 1494022952 141.000000 -1.000000 -101.000000 0.000000 0.000000
33 1494022953 141.000000 -1.000000 -101.000000 0.000000 0.000000
64 1494022949 2.000000 -1.000000 -101.000000 0.000000 0.000000
64 1494022950 2.000000 -1.000000 -101.000000 0.000000 0.000000
64 1494022951 4.800000 -1.000000 -101.000000 0.000000 0.000000
64 1494022952 4.800000 -1.000000 -101.000000 0.000000 0.000000
64 1494022953 4.800000 -1.000000 -101.000000 0.000000 0.000000
33 1494022954 141.000000 -1.000000 -101.000000 0.000000 0.000000
33 1494022955 141.000000 -1.000000 -101.000000 0.000000 0.000000
33 1494022956 172.000000 -1.000000 -101.000000 0.000000 0.000000
33 1494022957 172.000000 -1.000000 -101.000000 0.000000 0.000000
33 1494022958 172.000000 -1.000000 -101.000000 0.000000 0.000000
64 1494022954 4.800000 -1.000000 -101.000000 0.000000 0.000000
64 1494022955 4.800000 -1.000000 -101.000000 0.000000 0.000000
64 1494022956 2.600000 -1.000000 -101.000000 0.000000 0.000000
64 1494022957 2.600000 -1.000000 -101.000000 0.000000 0.000000
64 1494022958 2.600000 -1.000000 -101.000000 0.000000 0.000000
33 1494022959 172.000000 -1.000000 -101.000000 0.000000 0.000000
33 1494022960 172.000000 -1.000000 -101.000000 0.000000 0.000000
33 1494022961 155.600000 -1.000000 -101.000000 0.000000 0.000000
33 1494022962 155.600000 -1.000000 -101.000000 0.000000 0.000000
33 1494022963 155.600000 -1.000000 -101.000000 0.000000 0.000000
64 1494022959 2.600000 -1.000000 -101.000000 0.000000 0.000000
64 1494022960 2.600000 -1.000000 -101.000000 0.000000 0.000000
64 1494022961 2.000000 -1.000000 -101.000000 0.000000 0.000000
64 1494022962 2.000000 -1.000000 -101.000000 0.000000 0.000000
64 1494022963 2.000000 -1.000000 -101.000000 0.000000 0.000000
33 1494022964 155.600000 -1.000000 -101.000000 0.000000 0.000000
33 1494022965 155.600000 -1.000000 -101.000000 0.000000 0.000000
33 1494022966 146.600000 -1.000000 -101.000000 0.000000 0.000000
33 1494022967 146.600000 -1.000000 -101.000000 0.000000 0.000000
33 1494022968 146.600000 -1.000000 -101.000000 0.000000 0.000000
64 1494022964 2.000000 -1.000000 -101.000000 0.000000 0.000000
64 1494022965 2.000000 -1.000000 -101.000000 0.000000 0.000000
64 1494022966 3.000000 -1.000000 -101.000000 0.000000 0.000000
64 1494022967 3.000000 -1.000000 -101.000000 0.000000 0.000000
64 1494022968 3.000000 -1.000000 -101.000000 0.000000 0.000000
33 1494022969 146.600000 -1.000000 -101.000000 0.000000 0.000000
33 1494022970 146.600000 -1.000000 -101.000000 0.000000 0.000000
33 1494022971 154.200000 -1.000000 -101.000000 0.000000 0.000000
33 1494022972 154.200000 -1.000000 -101.000000 0.000000 0.000000
33 1494022973 154.200000 -1.000000 -101.000000 0.000000 0.000000
64 1494022969 3.000000 -1.000000 -101.000000 0.000000 0.000000
64 1494022970 3.000000 -1.000000 -101.000000 0.000000 0.000000
64 1494022971 4.800000 -1.000000 -101.000000 0.000000 0.000000
64 1494022972 4.800000 -1.000000 -101.000000 0.000000 0.000000
64 1494022973 4.800000 -1.000000 -101.000000 0.000000 0.000000
33 1494022974 154.200000 -1.000000 -101.000000 0.000000 0.000000
33 1494022975 154.200000 -1.000000 -101.000000 0.000000 0.000000
33 1494022976 163.000000 -1.000000 -101.000000 0.000000 0.000000
33 1494022977 163.000000 -1.000000 -101.000000 0.000000 0.000000
33 1494022978 163.000000 -1.000000 -101.000000 0.000000 0.000000
64 1494022974 4.800000 -1.000000 -101.000000 0.000000 0.000000
64 1494022975 4.800000 -1.000000 -101.000000 0.000000 0.000000
64 1494022976 1.600000 -1.000000 -101.000000 0.000000 0.000000
64 1494022977 1.600000 -1.000000 -101.000000 0.000000 0.000000
64 1494022978 1.600000 -1.000000 -101.000000 0.000000 0.000000
33 1494022979 163.000000 -1.000000 -101.000000 0.000000 0.000000
33 1494022980 163.000000 -1.000000 -101.000000 0.000000 0.000000
33 1494022981 138.600000 -1.000000 -101.000000 0.000000 0.000000
33 1494022982 138.600000 -1.000000 -101.000000 0.000000 0.000000
33 1494022983 138.600000 -1.000000 -101.000000 0.000000 0.000000
64 1494022979 1.600000 -1.000000 -101.000000 0.000000 0.000000
64 1494022980 1.600000 -1.000000 -101.000000 0.000000 0.000000
64 1494022981 2.000000 -1.000000 -101.000000 0.000000 0.000000
64 1494022982 2.000000 -1.000000 -101.000000 0.000000 0.000000
64 1494022983 2.000000 -1.000000 -101.000000 0.000000 0.000000
33 1494022984 138.600000 -1.000000 -101.000000 0.000000 0.000000
33 1494022985 138.600000 -1.000000 -101.000000 0.000000 0.000000
33 1494022986 141.800000 -1.000000 -101.000000 0.000000 0.000000
33 1494022987 141.800000 -1.000000 -101.000000 0.000000 0.000000
33 1494022988 141.800000 -1.000000 -101.000000 0.000000 0.000000
64 1494022984 2.000000 -1.000000 -101.000000 0.000000 0.000000
64 1494022985 2.000000 -1.000000 -101.000000 0.000000 0.000000
64 1494022986 4.800000 -1.000000 -101.000000 0.000000 0.000000
64 1494022987 4.800000 -1.000000 -101.000000 0.000000 0.000000
64 1494022988 4.800000 -1.000000 -101.000000 0.000000 0.000000
33 1494022989 141.800000 -1.000000 -101.000000 0.000000 0.000000
33 1494022990 141.800000 -1.000000 -101.000000 0.000000 0.000000
33 1494022991 173.000000 -1.000000 -101.000000 0.000000 0.000000
33 1494022992 173.000000 -1.000000 -101.000000 0.000000 0.000000
33 1494022993 173.000000 -1.000000 -101.000000 0.000000 0.000000
64 1494022989 4.800000 -1.000000 -101.000000 0.000000 0.000000
64 1494022990 4.800000 -1.000000 -101.000000 0.000000 0.000000
64 1494022991 2.800000 -1.000000 -101.000000 0.000000 0.000000
64 1494022992 2.800000 -1.000000 -101.000000 0.000000 0.000000
64 1494022993 2.800000 -1.000000 -101.000000 0.000000 0.000000
33 1494022994 173.000000 -1.000000 -101.000000 0.000000 0.000000
33 1494022995 173.000000 -1.000000 -101.000000 0.000000 0.000000
33 1494022996 156.000000 -1.000000 -101.000000 0.000000 0.000000
33 1494022997 156.000000 -1.000000 -101.000000 0.000000 0.000000
33 1494022998 156.000000 -1.000000 -101.000000 0.000000 0.000000
64 1494022994 2.800000 -1.000000 -101.000000 0.000000 0.000000
64 1494022995 2.800000 -1.000000 -101.000000 0.000000 0.000000
64 1494022996 2.000000 -1.000000 -101.000000 0.000000 0.000000
64 1494022997 2.000000 -1.000000 -101.000000 0.000000 0.000000
64 1494022998 2.000000 -1.000000 -101.000000 0.000000 0.000000
33 1494022999 156.000000 -1.000000 -101.000000 0.000000 0.000000
33 1494023000 156.000000 -1.000000 -101.000000 0.000000 0.000000
33 1494023001 147.600000 -1.000000 -101.000000 0.000000 0.000000
33 1494023002 147.600000 -1.000000 -101.000000 0.000000 0.000000
33 1494023003 147.600000 -1.000000 -101.000000 0.000000 0.000000
64 1494022999 2.000000 -1.000000 -101.000000 0.000000 0.000000
64 1494023000 2.000000 -1.000000 -101.000000 0.000000 0.000000
64 1494023001 2.800000 -1.000000 -101.000000 0.000000 0.000000
64 1494023002 2.800000 -1.000000 -101.000000 0.000000 0.000000
64 1494023003 2.800000 -1.000000 -101.000000 0.000000 0.000000
33 1494023004 147.600000 -1.000000 -101.000000 0.000000 0.000000
33 1494023005 147.600000 -1.000000 -101.000000 0.000000 0.000000
33 1494023006 123.000000 -1.000000 -101.000000 0.000000 0.000000
33 1494023007 123.000000 -1.000000 -101.000000 0.000000 0.000000
33 1494023008 123.000000 -1.000000 -101.000000 0.000000 0.000000
64 1494023004 2.800000 -1.000000 -101.000000 0.000000 0.000000
64 1494023005 2.800000 -1.000000 -101.000000 0.000000 0.000000
64 1494023006 4.000000 -1.000000 -101.000000 0.000000 0.000000
64 1494023007 4.000000 -1.000000 -101.000000 0.000000 0.000000
64 1494023008 4.000000 -1.000000 -101.000000 0.000000 0.000000
33 1494023009 123.000000 -1.000000 -101.000000 0.000000 0.000000
33 1494023010 123.000000 -1.000000 -101.000000 0.000000 0.000000
33 1494023011 139.200000 -1.000000 -101.000000 0.000000 0.000000
33 1494023012 139.200000 -1.000000 -101.000000 0.000000 0.000000
33 1494023013 139.200000 -1.000000 -101.000000 0.000000 0.000000
64 1494023009 4.000000 -1.000000 -101.000000 0.000000 0.000000
64 1494023010 4.000000 -1.000000 -101.000000 0.000000 0.000000
64 1494023011 1.200000 -1.000000 -101.000000 0.000000 0.000000
64 1494023012 1.200000 -1.000000 -101.000000 0.000000 0.000000
64 1494023013 1.200000 -1.000000 -101.000000 0.000000 0.000000
33 1494023014 139.200000 -1.000000 -101.000000 0.000000 0.000000
33 1494023015 139.200000 -1.000000 -101.000000 0.000000 0.000000
33 1494023016 122.000000 -1.000000 -101.000000 0.000000 0.000000
33 1494023017 122.000000 -1.000000 -101.000000 0.000000 0.000000
33 1494023018 122.000000 -1.000000 -101.000000 0.000000 0.000000
64 1494023014 1.200000 -1.000000 -101.000000 0.000000 0.000000
64 1494023015 1.200000 -1.000000 -101.000000 0.000000 0.000000
64 1494023016 2.000000 -1.000000 -101.000000 0.000000 0.000000
64 1494023017 2.000000 -1.000000 -101.000000 0.000000 0.000000
64 1494023018 2.000000 -1.000000 -101.000000 0.000000 0.000000
33 1494023019 122.000000 -1.000000 -101.000000 0.000000 0.000000
33 1494023020 122.000000 -1.000000 -101.000000 0.000000 0.000000
33 1494023021 125.600000 -1.000000 -101.000000 0.000000 0.000000
33 1494023022 125.600000 -1.000000 -101.000000 0.000000 0.000000
33 1494023023 125.600000 -1.000000 -101.000000 0.000000 0.000000
64 1494023019 2.000000 -1.000000 -101.000000 0.000000 0.000000
64 1494023020 2.000000 -1.000000 -101.000000 0.000000 0.000000
64 1494023021 2.400000 -1.000000 -101.000000 0.000000 0.000000
64 1494023022 2.400000 -1.000000 -101.000000 0.000000 0.000000
64 1494023023 2.400000 -1.000000 -101.000000 0.000000 0.000000
33 1494023024 125.600000 -1.000000 -101.000000 0.000000 0.000000
33 1494023025 125.600000 -1.000000 -101.000000 0.000000 0.000000
33 1494023026 130.600000 -1.000000 -101.000000 0.000000 0.000000
33 1494023027 130.600000 -1.000000 -101.000000 0.000000 0.000000
33 1494023028 130.600000 -1.000000 -101.000000 0.000000 0.000000
64 1494023024 2.400000 -1.000000 -101.000000 0.000000 0.000000
64 1494023025 2.400000 -1.000000 -101.000000 0.000000 0.000000
64 1494023026 3.200000 -1.000000 -101.000000 0.000000 0.000000
64 1494023027 3.200000 -1.000000 -101.000000 0.000000 0.000000
64 1494023028 3.200000 -1.000000 -101.000000 0.000000 0.000000
33 1494023029 130.600000 -1.000000 -101.000000 0.000000 0.000000
33 1494023030 130.600000 -1.000000 -101.000000 0.000000 0.000000
33 1494023031 123.800000 -1.000000 -101.000000 0.000000 0.000000
33 1494023032 123.800000 -1.000000 -101.000000 0.000000 0.000000
33 1494023033 123.800000 -1.000000 -101.000000 0.000000 0.000000
64 1494023029 3.200000 -1.000000 -101.000000 0.000000 0.000000
64 1494023030 3.200000 -1.000000 -101.000000 0.000000 0.000000
64 1494023031 2.400000 -1.000000 -101.000000 0.000000 0.000000
64 1494023032 2.400000 -1.000000 -101.000000 0.000000 0.000000
64 1494023033 2.400000 -1.000000 -101.000000 0.000000 0.000000
33 1494023034 123.800000 -1.000000 -101.000000 0.000000 0.000000
33 1494023035 123.800000 -1.000000 -101.000000 0.000000 0.000000
33 1494023036 131.800000 -1.000000 -101.000000 0.000000 0.000000
33 1494023037 131.800000 -1.000000 -101.000000 0.000000 0.000000
33 1494023038 131.800000 -1.000000 -101.000000 0.000000 0.000000
64 1494023034 2.400000 -1.000000 -101.000000 0.000000 0.000000
64 1494023035 2.400000 -1.000000 -101.000000 0.000000 0.000000
64 1494023036 2.400000 -1.000000 -101.000000 0.000000 0.000000
64 1494023037 2.400000 -1.000000 -101.000000 0.000000 0.000000
64 1494023038 2.400000 -1.000000 -101.000000 0.000000 0.000000
33 1494023039 131.800000 -1.000000 -101.000000 0.000000 0.000000
33 1494023040 131.800000 -1.000000 -101.000000 0.000000 0.000000
33 1494023041 124.400000 -1.000000 -101.000000 0.000000 0.000000
33 1494023042 124.400000 -1.000000 -101.000000 0.000000 0.000000
33 1494023043 124.400000 -1.000000 -101.000000 0.000000 0.000000
64 1494023039 2.400000 -1.000000 -101.000000 0.000000 0.000000
64 1494023040 2.400000 -1.000000 -101.000000 0.000000 0.000000
64 1494023041 1.600000 -1.000000 -101.000000 0.000000 0.000000
64 1494023042 1.600000 -1.000000 -101.000000 0.000000 0.000000
64 1494023043 1.600000 -1.000000 -101.000000 0.000000 0.000000
33 1494023044 124.400000 -1.000000 -101.000000 0.000000 0.000000
33 1494023045 124.400000 -1.000000 -101.000000 0.000000 0.000000
33 1494023046 128.800000 -1.000000 -101.000000 0.000000 0.000000
33 1494023047 128.800000 -1.000000 -101.000000 0.000000 0.000000
33 1494023048 128.800000 -1.000000 -101.000000 0.000000 0.000000
64 1494023044 1.600000 -1.000000 -101.000000 0.000000 0.000000
64 1494023045 1.600000 -1.000000 -101.000000 0.000000 0.000000
64 1494023046 2.800000 -1.000000 -101.000000 0.000000 0.000000
64 1494023047 2.800000 -1.000000 -101.000000 0.000000 0.000000
64 1494023048 2.800000 -1.000000 -101.000000 0.000000 0.000000
33 1494023049 128.800000 -1.000000 -101.000000 0.000000 0.000000
33 1494023050 128.800000 -1.000000 -101.000000 0.000000 0.000000
33 1494023051 137.000000 -1.000000 -101.000000 0.000000 0.000000
33 1494023052 137.000000 -1.000000 -101.000000 0.000000 0.000000
33 1494023053 137.000000 -1.000000 -101.000000 0.000000 0.000000
64 1494023049 2.800000 -1.000000 -101.000000 0.000000 0.000000
64 1494023050 2.800000 -1.000000 -101.000000 0.000000 0.000000
64 1494023051 3.200000 -1.000000 -101.000000 0.000000 0.000000
64 1494023052 3.200000 -1.000000 -101.000000 0.000000 0.000000
64 1494023053 3.200000 -1.000000 -101.000000 0.000000 0.000000
33 1494023054 137.000000 -1.000000 -101.000000 0.000000 0.000000
33 1494023055 137.000000 -1.000000 -101.000000 0.000000 0.000000
33 1494023056 163.400000 -1.000000 -101.000000 0.000000 0.000000
33 1494023057 163.400000 -1.000000 -101.000000 0.000000 0.000000
33 1494023058 163.400000 -1.000000 -101.000000 0.000000 0.000000
64 1494023054 3.200000 -1.000000 -101.000000 0.000000 0.000000
64 1494023055 3.200000 -1.000000 -101.000000 0.000000 0.000000
64 1494023056 2.200000 -1.000000 -101.000000 0.000000 0.000000
64 1494023057 2.200000 -1.000000 -101.000000 0.000000 0.000000
64 1494023058 2.200000 -1.000000 -101.000000 0.000000 0.000000
33 1494023059 163.400000 -1.000000 -101.000000 0.000000 0.000000
33 1494023060 163.400000 -1.000000 -101.000000 0.000000 0.000000
33 1494023061 147.800000 -1.000000 -101.000000 0.000000 0.000000
33 1494023062 147.800000 -1.000000 -101.000000 0.000000 0.000000
33 1494023063 147.800000 -1.000000 -101.000000 0.000000 0.000000
64 1494023059 2.200000 -1.000000 -101.000000 0.000000 0.000000
64 1494023060 2.200000 -1.000000 -101.000000 0.000000 0.000000
64 1494023061 2.800000 -1.000000 -101.000000 0.000000 0.000000
64 1494023062 2.800000 -1.000000 -101.000000 0.000000 0.000000
64 1494023063 2.800000 -1.000000 -101.000000 0.000000 0.000000
33 1494023064 147.800000 -1.000000 -101.000000 0.000000 0.000000
33 1494023065 147.800000 -1.000000 -101.000000 0.000000 0.000000
33 1494023066 149.800000 -1.000000 -101.000000 0.000000 0.000000
33 1494023067 149.800000 -1.000000 -101.000000 0.000000 0.000000
33 1494023068 149.800000 -1.000000 -101.000000 0.000000 0.000000
64 1494023064 2.800000 -1.000000 -101.000000 0.000000 0.000000
64 1494023065 2.800000 -1.000000 -101.000000 0.000000 0.000000
64 1494023066 3.200000 -1.000000 -101.000000 0.000000 0.000000
64 1494023067 3.200000 -1.000000 -101.000000 0.000000 0.000000
64 1494023068 3.200000 -1.000000 -101.000000 0.000000 0.000000
33 1494023069 149.800000 -1.000000 -101.000000 0.000000 0.000000
33 1494023070 149.800000 -1.000000 -101.000000 0.000000 0.000000
33 1494023071 145.400000 -1.000000 -101.000000 0.000000 0.000000
33 1494023072 145.400000 -1.000000 -101.000000 0.000000 0.000000
33 1494023073 145.400000 -1.000000 -101.000000 0.000000 0.000000
64 1494023069 3.200000 -1.000000 -101.000000 0.000000 0.000000
64 1494023070 3.200000 -1.000000 -101.000000 0.000000 0.000000
64 1494023071 3.600000 -1.000000 -101.000000 0.000000 0.000000
64 1494023072 3.600000 -1.000000 -101.000000 0.000000 0.000000
64 1494023073 3.600000 -1.000000 -101.000000 0.000000 0.000000
33 1494023074 145.400000 -1.000000 -101.000000 0.000000 0.000000
33 1494023075 145.400000 -1.000000 -101.000000 0.000000 0.000000
33 1494023076 187.200000 -1.000000 -101.000000 0.000000 0.000000
33 1494023077 187.200000 -1.000000 -101.000000 0.000000 0.000000
33 1494023078 187.200000 -1.000000 -101.000000 0.000000 0.000000
64 1494023074 3.600000 -1.000000 -101.000000 0.000000 0.000000
64 1494023075 3.600000 -1.000000 -101.000000 0.000000 0.000000
64 1494023076 2.800000 -1.000000 -101.000000 0.000000 0.000000
64 1494023077 2.800000 -1.000000 -101.000000 0.000000 0.000000
64 1494023078 2.800000 -1.000000 -101.000000 0.000000 0.000000
33 1494023079 187.200000 -1.000000 -101.000000 0.000000 0.000000
33 1494023080 187.200000 -1.000000 -101.000000 0.000000 0.000000
33 1494023081 126.400000 -1.000000 -101.000000 0.000000 0.000000
33 1494023082 126.400000 -1.000000 -101.000000 0.000000 0.000000
33 1494023083 126.400000 -1.000000 -101.000000 0.000000 0.000000
64 1494023079 2.800000 -1.000000 -101.000000 0.000000 0.000000
64 1494023080 2.800000 -1.000000 -101.000000 0.000000 0.000000
64 1494023081 2.200000 -1.000000 -101.000000 0.000000 0.000000
64 1494023082 2.200000 -1.000000 -101.000000 0.000000 0.000000
64 1494023083 2.200000 -1.000000 -101.000000 0.000000 0.000000
33 1494023084 126.400000 -1.000000 -101.000000 0.000000 0.000000
33 1494023085 126.400000 -1.000000 -101.000000 0.000000 0.000000
33 1494023086 133.400000 -1.000000 -101.000000 0.000000 0.000000
33 1494023087 133.400000 -1.000000 -101.000000 0.000000 0.000000
33 1494023088 133.400000 -1.000000 -101.000000 0.000000 0.000000
64 1494023084 2.200000 -1.000000 -101.000000 0.000000 0.000000
64 1494023085 2.200000 -1.000000 -101.000000 0.000000 0.000000
64 1494023086 2.200000 -1.000000 -101.000000 0.000000 0.000000
64 1494023087 2.200000 -1.000000 -101.000000 0.000000 0.000000
64 1494023088 2.200000 -1.000000 -101.000000 0.000000 0.000000
33 1494023089 133.400000 -1.000000 -101.000000 0.000000 0.000000
33 1494023090 133.400000 -1.000000 -101.000000 0.000000 0.000000
33 1494023091 146.800000 -1.000000 -101.000000 0.000000 0.000000
33 1494023092 146.800000 -1.000000 -101.000000 0.000000 0.000000
33 1494023093 146.800000 -1.000000 -101.000000 0.000000 0.000000
64 1494023089 2.200000 -1.000000 -101.000000 0.000000 0.000000
64 1494023090 2.200000 -1.000000 -101.000000 0.000000 0.000000
64 1494023091 3.600000 -1.000000 -101.000000 0.000000 0.000000
64 1494023092 3.600000 -1.000000 -101.000000 0.000000 0.000000
64 1494023093 3.600000 -1.000000 -101.000000 0.000000 0.000000
33 1494023094 146.800000 -1.000000 -101.000000 0.000000 0.000000
33 1494023095 146.800000 -1.000000 -101.000000 0.000000 0.000000
33 1494023096 167.200000 -1.000000 -101.000000 0.000000 0.000000
33 1494023097 167.200000 -1.000000 -101.000000 0.000000 0.000000
33 1494023098 167.200000 -1.000000 -101.000000 0.000000 0.000000
64 1494023094 3.600000 -1.000000 -101.000000 0.000000 0.000000
64 1494023095 3.600000 -1.000000 -101.000000 0.000000 0.000000
64 1494023096 2.600000 -1.000000 -101.000000 0.000000 0.000000
64 1494023097 2.600000 -1.000000 -101.000000 0.000000 0.000000
64 1494023098 2.600000 -1.000000 -101.000000 0.000000 0.000000
33 1494023099 167.200000 -1.000000 -101.000000 0.000000 0.000000
33 1494023100 167.200000 -1.000000 -101.000000 0.000000 0.000000
33 1494023101 159.000000 -1.000000 -101.000000 0.000000 0.000000
33 1494023102 159.000000 -1.000000 -101.000000 0.000000 0.000000
33 1494023103 159.000000 -1.000000 -101.000000 0.000000 0.000000
64 1494023099 2.600000 -1.000000 -101.000000 0.000000 0.000000
64 1494023100 2.600000 -1.000000 -101.000000 0.000000 0.000000
64 1494023101 3.200000 -1.000000 -101.000000 0.000000 0.000000
64 1494023102 3.200000 -1.000000 -101.000000 0.000000 0.000000
64 1494023103 3.200000 -1.000000 -101.000000 0.000000 0.000000
33 1494023104 159.000000 -1.000000 -101.000000 0.000000 0.000000
33 1494023105 159.000000 -1.000000 -101.000000 0.000000 0.000000
33 1494023106 144.600000 -1.000000 -101.000000 0.000000 0.000000
33 1494023107 144.600000 -1.000000 -101.000000 0.000000 0.000000
33 1494023108 144.600000 -1.000000 -101.000000 0.000000 0.000000
64 1494023104 3.200000 -1.000000 -101.000000 0.000000 0.000000
64 1494023105 3.200000 -1.000000 -101.000000 0.000000 0.000000
64 1494023106 3.400000 -1.000000 -101.000000 0.000000 0.000000
64 1494023107 3.400000 -1.000000 -101.000000 0.000000 0.000000
64 1494023108 3.400000 -1.000000 -101.000000 0.000000 0.000000
33 1494023109 144.600000 -1.000000 -101.000000 0.000000 0.000000
33 1494023110 144.600000 -1.000000 -101.000000 0.000000 0.000000
33 1494023111 140.200000 -1.000000 -101.000000 0.000000 0.000000
33 1494023112 140.200000 -1.000000 -101.000000 0.000000 0.000000
33 1494023113 140.200000 -1.000000 -101.000000 0.000000 0.000000
64 1494023109 3.400000 -1.000000 -101.000000 0.000000 0.000000
64 1494023110 3.400000 -1.000000 -101.000000 0.000000 0.000000
64 1494023111 2.000000 -1.000000 -101.000000 0.000000 0.000000
64 1494023112 2.000000 -1.000000 -101.000000 0.000000 0.000000
64 1494023113 2.000000 -1.000000 -101.000000 0.000000 0.000000
33 1494023114 140.200000 -1.000000 -101.000000 0.000000 0.000000
33 1494023115 140.200000 -1.000000 -101.000000 0.000000 0.000000
33 1494023116 159.400000 -1.000000 -101.000000 0.000000 0.000000
33 1494023117 159.400000 -1.000000 -101.000000 0.000000 0.000000
33 1494023118 159.400000 -1.000000 -101.000000 0.000000 0.000000
64 1494023114 2.000000 -1.000000 -101.000000 0.000000 0.000000
64 1494023115 2.000000 -1.000000 -101.000000 0.000000 0.000000
64 1494023116 2.200000 -1.000000 -101.000000 0.000000 0.000000
64 1494023117 2.200000 -1.000000 -101.000000 0.000000 0.000000
64 1494023118 2.200000 -1.000000 -101.000000 0.000000 0.000000
33 1494023119 159.400000 -1.000000 -101.000000 0.000000 0.000000
33 1494023120 159.400000 -1.000000 -101.000000 0.000000 0.000000
33 1494023121 144.000000 -1.000000 -101.000000 0.000000 0.000000
33 1494023122 144.000000 -1.000000 -101.000000 0.000000 0.000000
33 1494023123 144.000000 -1.000000 -101.000000 0.000000 0.000000
64 1494023119 2.200000 -1.000000 -101.000000 0.000000 0.000000
64 1494023120 2.200000 -1.000000 -101.000000 0.000000 0.000000
64 1494023121 3.200000 -1.000000 -101.000000 0.000000 0.000000
64 1494023122 3.200000 -1.000000 -101.000000 0.000000 0.000000
64 1494023123 3.200000 -1.000000 -101.000000 0.000000 0.000000
33 1494023124 144.000000 -1.000000 -101.000000 0.000000 0.000000
33 1494023125 144.000000 -1.000000 -101.000000 0.000000 0.000000
33 1494023126 154.800000 -1.000000 -101.000000 0.000000 0.000000
33 1494023127 154.800000 -1.000000 -101.000000 0.000000 0.000000
33 1494023128 154.800000 -1.000000 -101.000000 0.000000 0.000000
64 1494023124 3.200000 -1.000000 -101.000000 0.000000 0.000000
64 1494023125 3.200000 -1.000000 -101.000000 0.000000 0.000000
64 1494023126 4.000000 -1.000000 -101.000000 0.000000 0.000000
64 1494023127 4.000000 -1.000000 -101.000000 0.000000 0.000000
64 1494023128 4.000000 -1.000000 -101.000000 0.000000 0.000000
33 1494023129 154.800000 -1.000000 -101.000000 0.000000 0.000000
33 1494023130 154.800000 -1.000000 -101.000000 0.000000 0.000000
33 1494023131 168.000000 -1.000000 -101.000000 0.000000 0.000000
33 1494023132 168.000000 -1.000000 -101.000000 0.000000 0.000000
33 1494023133 168.000000 -1.000000 -101.000000 0.000000 0.000000
64 1494023129 4.000000 -1.000000 -101.000000 0.000000 0.000000
64 1494023130 4.000000 -1.000000 -101.000000 0.000000 0.000000
64 1494023131 2.200000 -1.000000 -101.000000 0.000000 0.000000
64 1494023132 2.200000 -1.000000 -101.000000 0.000000 0.000000
64 1494023133 2.200000 -1.000000 -101.000000 0.000000 0.000000
33 1494023134 168.000000 -1.000000 -101.000000 0.000000 0.000000
33 1494023135 168.000000 -1.000000 -101.000000 0.000000 0.000000
33 1494023136 152.800000 -1.000000 -101.000000 0.000000 0.000000
33 1494023137 152.800000 -1.000000 -101.000000 0.000000 0.000000
33 1494023138 152.800000 -1.000000 -101.000000 0.000000 0.000000
64 1494023134 2.200000 -1.000000 -101.000000 0.000000 0.000000
64 1494023135 2.200000 -1.000000 -101.000000 0.000000 0.000000
64 1494023136 3.400000 -1.000000 -101.000000 0.000000 0.000000
64 1494023137 3.400000 -1.000000 -101.000000 0.000000 0.000000
64 1494023138 3.400000 -1.000000 -101.000000 0.000000 0.000000
33 1494023139 152.800000 -1.000000 -101.000000 0.000000 0.000000
64 1494023139 3.400000 -1.000000 -101.000000 0.000000 0.000000
33 1494023202 213.500000 -1.000000 213.500000 213.500000 0.000000
33 1494023201 213.500000 -1.000000 213.500000 213.500000 0.000000
33 1494023200 173.000000 -1.000000 173.000000 173.000000 0.000000
33 1494023199 173.000000 -1.000000 173.000000 173.000000 0.000000
33 1494023198 173.000000 -1.000000 173.000000 173.000000 0.000000
33 1494023197 173.000000 -1.000000 173.000000 173.000000 0.000000
33 1494023196 173.000000 -1.000000 173.000000 173.000000 0.000000
33 1494023195 142.200000 -1.000000 142.200000 142.200000 0.000000
33 1494023194 142.200000 -1.000000 142.200000 142.200000 0.000000
33 1494023193 142.200000 -1.000000 142.200000 142.200000 0.000000
33 1494023192 142.200000 -1.000000 142.200000 142.200000 0.000000
33 1494023191 142.200000 -1.000000 142.200000 142.200000 0.000000
33 1494023190 120.800000 -1.000000 120.800000 120.800000 0.000000
33 1494023189 120.800000 -1.000000 120.800000 120.800000 0.000000
33 1494023188 120.800000 -1.000000 120.800000 120.800000 0.000000
33 1494023187 120.800000 -1.000000 120.800000 120.800000 0.000000
33 1494023186 120.800000 -1.000000 120.800000 120.800000 0.000000
33 1494023185 194.800000 -1.000000 194.800000 194.800000 0.000000
33 1494023184 194.800000 -1.000000 194.800000 194.800000 0.000000
33 1494023183 194.800000 -1.000000 194.800000 194.800000 0.000000
33 1494023182 194.800000 -1.000000 194.800000 194.800000 0.000000
33 1494023181 194.800000 -1.000000 194.800000 194.800000 0.000000
33 1494023180 128.000000 -1.000000 128.000000 128.000000 0.000000
33 1494023179 128.000000 -1.000000 128.000000 128.000000 0.000000
33 1494023178 128.000000 -1.000000 128.000000 128.000000 0.000000
33 1494023177 128.000000 -1.000000 128.000000 128.000000 0.000000
33 1494023176 128.000000 -1.000000 128.000000 128.000000 0.000000
33 1494023175 143.000000 -1.000000 143.000000 143.000000 0.000000
33 1494023174 143.000000 -1.000000 143.000000 143.000000 0.000000
33 1494023173 143.000000 -1.000000 143.000000 143.000000 0.000000
33 1494023172 143.000000 -1.000000 143.000000 143.000000 0.000000
33 1494023171 143.000000 -1.000000 143.000000 143.000000 0.000000
33 1494023170 164.800000 -1.000000 164.800000 164.800000 0.000000
33 1494023169 164.800000 -1.000000 164.800000 164.800000 0.000000
33 1494023168 164.800000 -1.000000 164.800000 164.800000 0.000000
33 1494023167 164.800000 -1.000000 164.800000 164.800000 0.000000
33 1494023166 164.800000 -1.000000 164.800000 164.800000 0.000000
33 1494023165 176.400000 -1.000000 176.400000 176.400000 0.000000
33 1494023164 176.400000 -1.000000 176.400000 176.400000 0.000000
33 1494023163 176.400000 -1.000000 176.400000 176.400000 0.000000
33 1494023162 176.400000 -1.000000 176.400000 176.400000 0.000000
33 1494023161 176.400000 -1.000000 176.400000 176.400000 0.000000
33 1494023160 135.400000 -1.000000 135.400000 135.400000 0.000000
33 1494023159 135.400000 -1.000000 135.400000 135.400000 0.000000
33 1494023158 135.400000 -1.000000 135.400000 135.400000 0.000000
33 1494023157 135.400000 -1.000000 135.400000 135.400000 0.000000
33 1494023156 135.400000 -1.000000 135.400000 135.400000 0.000000
33 1494023155 139.200000 -1.000000 139.200000 139.200000 0.000000
33 1494023154 139.200000 -1.000000 139.200000 139.200000 0.000000
33 1494023153 139.200000 -1.000000 139.200000 139.200000 0.000000
33 1494023152 139.200000 -1.000000 139.200000 139.200000 0.000000
33 1494023151 139.200000 -1.000000 139.200000 139.200000 0.000000
33 1494023150 183.800000 -1.000000 183.800000 183.800000 0.000000
33 1494023149 183.800000 -1.000000 183.800000 183.800000 0.000000
33 1494023148 183.800000 -1.000000 183.800000 183.800000 0.000000
33 1494023147 183.800000 -1.000000 183.800000 183.800000 0.000000
33 1494023146 183.800000 -1.000000 183.800000 183.800000 0.000000
33 1494023145 141.600000 -1.000000 141.600000 141.600000 0.000000
33 1494023144 141.600000 -1.000000 141.600000 141.600000 0.000000
33 1494023143 141.600000 -1.000000 141.600000 141.600000 0.000000
33 1494023142 141.600000 -1.000000 141.600000 141.600000 0.000000
33 1494023141 141.600000 -1.000000 141.600000 141.600000 0.000000
33 1494023140 152.800000 -1.000000 152.800000 152.800000 0.000000
64 1494023202 5.500000 -1.000000 5.500000 5.500000 0.000000
64 1494023201 5.500000 -1.000000 5.500000 5.500000 0.000000
64 1494023200 5.200000 -1.000000 5.200000 5.200000 0.000000
64 1494023199 5.200000 -1.000000 5.200000 5.200000 0.000000
64 1494023198 5.200000 -1.000000 5.200000 5.200000 0.000000
64 1494023197 5.200000 -1.000000 5.200000 5.200000 0.000000
64 1494023196 5.200000 -1.000000 5.200000 5.200000 0.000000
64 1494023195 5.000000 -1.000000 5.000000 5.000000 0.000000
64 1494023194 5.000000 -1.000000 5.000000 5.000000 0.000000
64 1494023193 5.000000 -1.000000 5.000000 5.000000 0.000000
64 1494023192 5.000000 -1.000000 5.000000 5.000000 0.000000
64 1494023191 5.000000 -1.000000 5.000000 5.000000 0.000000
64 1494023190 1.400000 -1.000000 1.400000 1.400000 0.000000
64 1494023189 1.400000 -1.000000 1.400000 1.400000 0.000000
64 1494023188 1.400000 -1.000000 1.400000 1.400000 0.000000
64 1494023187 1.400000 -1.000000 1.400000 1.400000 0.000000
64 1494023186 1.400000 -1.000000 1.400000 1.400000 0.000000
64 1494023185 2.400000 -1.000000 2.400000 2.400000 0.000000
64 1494023184 2.400000 -1.000000 2.400000 2.400000 0.000000
64 1494023183 2.400000 -1.000000 2.400000 2.400000 0.000000
64 1494023182 2.400000 -1.000000 2.400000 2.400000 0.000000
64 1494023181 2.400000 -1.000000 2.400000 2.400000 0.000000
64 1494023180 4.400000 -1.000000 4.400000 4.400000 0.000000
64 1494023179 4.400000 -1.000000 4.400000 4.400000 0.000000
64 1494023178 4.400000 -1.000000 4.400000 4.400000 0.000000
64 1494023177 4.400000 -1.000000 4.400000 4.400000 0.000000
64 1494023176 4.400000 -1.000000 4.400000 4.400000 0.000000
64 1494023175 2.200000 -1.000000 2.200000 2.200000 0.000000
64 1494023174 2.200000 -1.000000 2.200000 2.200000 0.000000
64 1494023173 2.200000 -1.000000 2.200000 2.200000 0.000000
64 1494023172 2.200000 -1.000000 2.200000 2.200000 0.000000
64 1494023171 2.200000 -1.000000 2.200000 2.200000 0.000000
64 1494023170 1.800000 -1.000000 1.800000 1.800000 0.000000
64 1494023169 1.800000 -1.000000 1.800000 1.800000 0.000000
64 1494023168 1.800000 -1.000000 1.800000 1.800000 0.000000
64 1494023167 1.800000 -1.000000 1.800000 1.800000 0.000000
64 1494023166 1.800000 -1.000000 1.800000 1.800000 0.000000
64 1494023165 3.200000 -1.000000 3.200000 3.200000 0.000000
64 1494023164 3.200000 -1.000000 3.200000 3.200000 0.000000
64 1494023163 3.200000 -1.000000 3.200000 3.200000 0.000000
64 1494023162 3.200000 -1.000000 3.200000 3.200000 0.000000
64 1494023161 3.200000 -1.000000 3.200000 3.200000 0.000000
64 1494023160 5.000000 -1.000000 5.000000 5.000000 0.000000
64 1494023159 5.000000 -1.000000 5.000000 5.000000 0.000000
64 1494023158 5.000000 -1.000000 5.000000 5.000000 0.000000
64 1494023157 5.000000 -1.000000 5.000000 5.000000 0.000000
64 1494023156 5.000000 -1.000000 5.000000 5.000000 0.000000
64 1494023155 1.800000 -1.000000 1.800000 1.800000 0.000000
64 1494023154 1.800000 -1.000000 1.800000 1.800000 0.000000
64 1494023153 1.800000 -1.000000 1.800000 1.800000 0.000000
64 1494023152 1.800000 -1.000000 1.800000 1.800000 0.000000
64 1494023151 1.800000 -1.000000 1.800000 1.800000 0.000000
64 1494023150 2.000000 -1.000000 2.000000 2.000000 0.000000
64 1494023149 2.000000 -1.000000 2.000000 2.000000 0.000000
64 1494023148 2.000000 -1.000000 2.000000 2.000000 0.000000
64 1494023147 2.000000 -1.000000 2.000000 2.000000 0.000000
64 1494023146 2.000000 -1.000000 2.000000 2.000000 0.000000
64 1494023145 3.800000 -1.000000 3.800000 3.800000 0.000000
64 1494023144 3.800000 -1.000000 3.800000 3.800000 0.000000
64 1494023143 3.800000 -1.000000 3.800000 3.800000 0.000000
64 1494023142 3.800000 -1.000000 3.800000 3.800000 0.000000
64 1494023141 3.800000 -1.000000 3.800000 3.800000 0.000000
64 1494023140 3.400000 -1.000000 3.400000 3.400000 0.000000
