28 1494022886 60.800000 -1.000000 -101.000000 0.000000 0.000000
28 1494022887 60.800000 -1.000000 -101.000000 0.000000 0.000000
28 1494022888 60.800000 -1.000000 -101.000000 0.000000 0.000000
31 1494022886 29.800000 -1.000000 -101.000000 0.000000 0.000000
31 1494022887 29.800000 -1.000000 -101.000000 0.000000 0.000000
31 1494022888 29.800000 -1.000000 -101.000000 0.000000 0.000000
28 1494022889 60.800000 -1.000000 -101.000000 0.000000 0.000000
28 1494022890 60.800000 -1.000000 -101.000000 0.000000 0.000000
28 1494022891 16.800000 -1.000000 -101.000000 0.000000 0.000000
28 1494022892 16.800000 -1.000000 -101.000000 0.000000 0.000000
28 1494022893 16.800000 -1.000000 -101.000000 0.000000 0.000000
31 1494022889 29.800000 -1.000000 -101.000000 0.000000 0.000000
31 1494022890 29.800000 -1.000000 -101.000000 0.000000 0.000000
31 1494022891 24.000000 -1.000000 -101.000000 0.000000 0.000000
31 1494022892 24.000000 -1.000000 -101.000000 0.000000 0.000000
31 1494022893 24.000000 -1.000000 -101.000000 0.000000 0.000000
28 1494022894 16.800000 -1.000000 -101.000000 0.000000 0.000000
28 1494022895 16.800000 -1.000000 -101.000000 0.000000 0.000000
28 1494022896 66.200000 -1.000000 -101.000000 0.000000 0.000000
28 1494022897 66.200000 -1.000000 -101.000000 0.000000 0.000000
28 1494022898 66.200000 -1.000000 -101.000000 0.000000 0.000000
31 1494022894 24.000000 -1.000000 -101.000000 0.000000 0.000000
31 1494022895 24.000000 -1.000000 -101.000000 0.000000 0.000000
31 1494022896 81.400000 -1.000000 -101.000000 0.000000 0.000000
31 1494022897 81.400000 -1.000000 -101.000000 0.000000 0.000000
31 1494022898 81.400000 -1.000000 -101.000000 0.000000 0.000000
28 1494022899 66.200000 -1.000000 -101.000000 0.000000 0.000000
28 1494022900 66.200000 -1.000000 -101.000000 0.000000 0.000000
28 1494022901 78.200000 -1.000000 -101.000000 0.000000 0.000000
28 1494022902 78.200000 -1.000000 -101.000000 0.000000 0.000000
28 1494022903 78.200000 -1.000000 -101.000000 0.000000 0.000000
31 1494022899 81.400000 -1.000000 -101.000000 0.000000 0.000000
31 1494022900 81.400000 -1.000000 -101.000000 0.000000 0.000000
31 1494022901 71.000000 -1.000000 -101.000000 0.000000 0.000000
31 1494022902 71.000000 -1.000000 -101.000000 0.000000 0.000000
31 1494022903 71.000000 -1.000000 -101.000000 0.000000 0.000000
28 1494022904 78.200000 -1.000000 -101.000000 0.000000 0.000000
28 1494022905 78.200000 -1.000000 -101.000000 0.000000 0.000000
28 1494022906 38.600000 -1.000000 -101.000000 0.000000 0.000000
28 1494022907 38.600000 -1.000000 -101.000000 0.000000 0.000000
28 1494022908 38.600000 -1.000000 -101.000000 0.000000 0.000000
31 1494022904 71.000000 -1.000000 -101.000000 0.000000 0.000000
31 1494022905 71.000000 -1.000000 -101.000000 0.000000 0.000000
31 1494022906 24.400000 -1.000000 -101.000000 0.000000 0.000000
31 1494022907 24.400000 -1.000000 -101.000000 0.000000 0.000000
31 1494022908 24.400000 -1.000000 -101.000000 0.000000 0.000000
28 1494022909 38.600000 -1.000000 -101.000000 0.000000 0.000000
28 1494022910 38.600000 -1.000000 -101.000000 0.000000 0.000000
28 1494022911 58.000000 -1.000000 -101.000000 0.000000 0.000000
28 1494022912 58.000000 -1.000000 -101.000000 0.000000 0.000000
28 1494022913 58.000000 -1.000000 -101.000000 0.000000 0.000000
31 1494022909 24.400000 -1.000000 -101.000000 0.000000 0.000000
31 1494022910 24.400000 -1.000000 -101.000000 0.000000 0.000000
31 1494022911 77.200000 -1.000000 -101.000000 0.000000 0.000000
31 1494022912 77.200000 -1.000000 -101.000000 0.000000 0.000000
31 1494022913 77.200000 -1.000000 -101.000000 0.000000 0.000000
28 1494022914 58.000000 -1.000000 -101.000000 0.000000 0.000000
28 1494022915 58.000000 -1.000000 -101.000000 0.000000 0.000000
28 1494022916 71.400000 -1.000000 -101.000000 0.000000 0.000000
28 1494022917 71.400000 -1.000000 -101.000000 0.000000 0.000000
28 1494022918 71.400000 -1.000000 -101.000000 0.000000 0.000000
31 1494022914 77.200000 -1.000000 -101.000000 0.000000 0.000000
31 1494022915 77.200000 -1.000000 -101.000000 0.000000 0.000000
31 1494022916 69.000000 -1.000000 -101.000000 0.000000 0.000000
31 1494022917 69.000000 -1.000000 -101.000000 0.000000 0.000000
31 1494022918 69.000000 -1.000000 -101.000000 0.000000 0.000000
28 1494022919 71.400000 -1.000000 -101.000000 0.000000 0.000000
28 1494022920 71.400000 -1.000000 -101.000000 0.000000 0.000000
28 1494022921 56.400000 -1.000000 -101.000000 0.000000 0.000000
28 1494022922 56.400000 -1.000000 -101.000000 0.000000 0.000000
28 1494022923 56.400000 -1.000000 -101.000000 0.000000 0.000000
31 1494022919 69.000000 -1.000000 -101.000000 0.000000 0.000000
31 1494022920 69.000000 -1.000000 -101.000000 0.000000 0.000000
31 1494022921 53.000000 -1.000000 -101.000000 0.000000 0.000000
31 1494022922 53.000000 -1.000000 -101.000000 0.000000 0.000000
31 1494022923 53.000000 -1.000000 -101.000000 0.000000 0.000000
28 1494022924 56.400000 -1.000000 -101.000000 0.000000 0.000000
28 1494022925 56.400000 -1.000000 -101.000000 0.000000 0.000000
28 1494022926 36.800000 -1.000000 -101.000000 0.000000 0.000000
28 1494022927 36.800000 -1.000000 -101.000000 0.000000 0.000000
28 1494022928 36.800000 -1.000000 -101.000000 0.000000 0.000000
31 1494022924 53.000000 -1.000000 -101.000000 0.000000 0.000000
31 1494022925 53.000000 -1.000000 -101.000000 0.000000 0.000000
31 1494022926 28.200000 -1.000000 -101.000000 0.000000 0.000000
31 1494022927 28.200000 -1.000000 -101.000000 0.000000 0.000000
31 1494022928 28.200000 -1.000000 -101.000000 0.000000 0.000000
28 1494022929 36.800000 -1.000000 -101.000000 0.000000 0.000000
28 1494022930 36.800000 -1.000000 -101.000000 0.000000 0.000000
28 1494022931 59.600000 -1.000000 -101.000000 0.000000 0.000000
28 1494022932 59.600000 -1.000000 -101.000000 0.000000 0.000000
28 1494022933 59.600000 -1.000000 -101.000000 0.000000 0.000000
31 1494022929 28.200000 -1.000000 -101.000000 0.000000 0.000000
31 1494022930 28.200000 -1.000000 -101.000000 0.000000 0.000000
31 1494022931 73.400000 -1.000000 -101.000000 0.000000 0.000000
31 1494022932 73.400000 -1.000000 -101.000000 0.000000 0.000000
31 1494022933 73.400000 -1.000000 -101.000000 0.000000 0.000000
28 1494022934 59.600000 -1.000000 -101.000000 0.000000 0.000000
28 1494022935 59.600000 -1.000000 -101.000000 0.000000 0.000000
28 1494022936 76.800000 -1.000000 -101.000000 0.000000 0.000000
28 1494022937 76.800000 -1.000000 -101.000000 0.000000 0.000000
28 1494022938 76.800000 -1.000000 -101.000000 0.000000 0.000000
31 1494022934 73.400000 -1.000000 -101.000000 0.000000 0.000000
31 1494022935 73.400000 -1.000000 -101.000000 0.000000 0.000000
31 1494022936 73.000000 -1.000000 -101.000000 0.000000 0.000000
31 1494022937 73.000000 -1.000000 -101.000000 0.000000 0.000000
31 1494022938 73.000000 -1.000000 -101.000000 0.000000 0.000000
28 1494022939 76.800000 -1.000000 -101.000000 0.000000 0.000000
28 1494022940 76.800000 -1.000000 -101.000000 0.000000 0.000000
28 1494022941 50.200000 -1.000000 -101.000000 0.000000 0.000000
28 1494022942 50.200000 -1.000000 -101.000000 0.000000 0.000000
28 1494022943 50.200000 -1.000000 -101.000000 0.000000 0.000000
31 1494022939 73.000000 -1.000000 -101.000000 0.000000 0.000000
31 1494022940 73.000000 -1.000000 -101.000000 0.000000 0.000000
31 1494022941 40.600000 -1.000000 -101.000000 0.000000 0.000000
31 1494022942 40.600000 -1.000000 -101.000000 0.000000 0.000000
31 1494022943 40.600000 -1.000000 -101.000000 0.000000 0.000000
28 1494022944 50.200000 -1.000000 -101.000000 0.000000 0.000000
28 1494022945 50.200000 -1.000000 -101.000000 0.000000 0.000000
28 1494022946 41.400000 -1.000000 -101.000000 0.000000 0.000000
28 1494022947 41.400000 -1.000000 -101.000000 0.000000 0.000000
28 1494022948 41.400000 -1.000000 -101.000000 0.000000 0.000000
31 1494022944 40.600000 -1.000000 -101.000000 0.000000 0.000000
31 1494022945 40.600000 -1.000000 -101.000000 0.000000 0.000000
31 1494022946 50.600000 -1.000000 -101.000000 0.000000 0.000000
31 1494022947 50.600000 -1.000000 -101.000000 0.000000 0.000000
31 1494022948 50.600000 -1.000000 -101.000000 0.000000 0.000000
28 1494022949 41.400000 -1.000000 -101.000000 0.000000 0.000000
28 1494022950 41.400000 -1.000000 -101.000000 0.000000 0.000000
28 1494022951 66.200000 -1.000000 -101.000000 0.000000 0.000000
28 1494022952 66.200000 -1.000000 -101.000000 0.000000 0.000000
28 1494022953 66.200000 -1.000000 -101.000000 0.000000 0.000000
31 1494022949 50.600000 -1.000000 -101.000000 0.000000 0.000000
31 1494022950 50.600000 -1.000000 -101.000000 0.000000 0.000000
31 1494022951 73.600000 -1.000000 -101.000000 0.000000 0.000000
31 1494022952 73.600000 -1.000000 -101.000000 0.000000 0.000000
31 1494022953 73.600000 -1.000000 -101.000000 0.000000 0.000000
28 1494022954 66.200000 -1.000000 -101.000000 0.000000 0.000000
28 1494022955 66.200000 -1.000000 -101.000000 0.000000 0.000000
28 1494022956 59.000000 -1.000000 -101.000000 0.000000 0.000000
28 1494022957 59.000000 -1.000000 -101.000000 0.000000 0.000000
28 1494022958 59.000000 -1.000000 -101.000000 0.000000 0.000000
31 1494022954 73.600000 -1.000000 -101.000000 0.000000 0.000000
31 1494022955 73.600000 -1.000000 -101.000000 0.000000 0.000000
31 1494022956 47.200000 -1.000000 -101.000000 0.000000 0.000000
31 1494022957 47.200000 -1.000000 -101.000000 0.000000 0.000000
31 1494022958 47.200000 -1.000000 -101.000000 0.000000 0.000000
28 1494022959 59.000000 -1.000000 -101.000000 0.000000 0.000000
28 1494022960 59.000000 -1.000000 -101.000000 0.000000 0.000000
28 1494022961 48.800000 -1.000000 -101.000000 0.000000 0.000000
28 1494022962 48.800000 -1.000000 -101.000000 0.000000 0.000000
28 1494022963 48.800000 -1.000000 -101.000000 0.000000 0.000000
31 1494022959 47.200000 -1.000000 -101.000000 0.000000 0.000000
31 1494022960 47.200000 -1.000000 -101.000000 0.000000 0.000000
31 1494022961 45.000000 -1.000000 -101.000000 0.000000 0.000000
31 1494022962 45.000000 -1.000000 -101.000000 0.000000 0.000000
31 1494022963 45.000000 -1.000000 -101.000000 0.000000 0.000000
28 1494022964 48.800000 -1.000000 -101.000000 0.000000 0.000000
28 1494022965 48.800000 -1.000000 -101.000000 0.000000 0.000000
28 1494022966 60.600000 -1.000000 -101.000000 0.000000 0.000000
28 1494022967 60.600000 -1.000000 -101.000000 0.000000 0.000000
28 1494022968 60.600000 -1.000000 -101.000000 0.000000 0.000000
31 1494022964 45.000000 -1.000000 -101.000000 0.000000 0.000000
31 1494022965 45.000000 -1.000000 -101.000000 0.000000 0.000000
31 1494022966 71.600000 -1.000000 -101.000000 0.000000 0.000000
31 1494022967 71.600000 -1.000000 -101.000000 0.000000 0.000000
31 1494022968 71.600000 -1.000000 -101.000000 0.000000 0.000000
28 1494022969 60.600000 -1.000000 -101.000000 0.000000 0.000000
28 1494022970 60.600000 -1.000000 -101.000000 0.000000 0.000000
28 1494022971 65.400000 -1.000000 -101.000000 0.000000 0.000000
28 1494022972 65.400000 -1.000000 -101.000000 0.000000 0.000000
28 1494022973 65.400000 -1.000000 -101.000000 0.000000 0.000000
31 1494022969 71.600000 -1.000000 -101.000000 0.000000 0.000000
31 1494022970 71.600000 -1.000000 -101.000000 0.000000 0.000000
31 1494022971 62.400000 -1.000000 -101.000000 0.000000 0.000000
31 1494022972 62.400000 -1.000000 -101.000000 0.000000 0.000000
31 1494022973 62.400000 -1.000000 -101.000000 0.000000 0.000000
28 1494022974 65.400000 -1.000000 -101.000000 0.000000 0.000000
28 1494022975 65.400000 -1.000000 -101.000000 0.000000 0.000000
28 1494022976 49.400000 -1.000000 -101.000000 0.000000 0.000000
28 1494022977 49.400000 -1.000000 -101.000000 0.000000 0.000000
28 1494022978 49.400000 -1.000000 -101.000000 0.000000 0.000000
31 1494022974 62.400000 -1.000000 -101.000000 0.000000 0.000000
31 1494022975 62.400000 -1.000000 -101.000000 0.000000 0.000000
31 1494022976 41.400000 -1.000000 -101.000000 0.000000 0.000000
31 1494022977 41.400000 -1.000000 -101.000000 0.000000 0.000000
31 1494022978 41.400000 -1.000000 -101.000000 0.000000 0.000000
28 1494022979 49.400000 -1.000000 -101.000000 0.000000 0.000000
28 1494022980 49.400000 -1.000000 -101.000000 0.000000 0.000000
28 1494022981 51.200000 -1.000000 -101.000000 0.000000 0.000000
28 1494022982 51.200000 -1.000000 -101.000000 0.000000 0.000000
28 1494022983 51.200000 -1.000000 -101.000000 0.000000 0.000000
31 1494022979 41.400000 -1.000000 -101.000000 0.000000 0.000000
31 1494022980 41.400000 -1.000000 -101.000000 0.000000 0.000000
31 1494022981 49.800000 -1.000000 -101.000000 0.000000 0.000000
31 1494022982 49.800000 -1.000000 -101.000000 0.000000 0.000000
31 1494022983 49.800000 -1.000000 -101.000000 0.000000 0.000000
28 1494022984 51.200000 -1.000000 -101.000000 0.000000 0.000000
28 1494022985 51.200000 -1.000000 -101.000000 0.000000 0.000000
28 1494022986 59.600000 -1.000000 -101.000000 0.000000 0.000000
28 1494022987 59.600000 -1.000000 -101.000000 0.000000 0.000000
28 1494022988 59.600000 -1.000000 -101.000000 0.000000 0.000000
31 1494022984 49.800000 -1.000000 -101.000000 0.000000 0.000000
31 1494022985 49.800000 -1.000000 -101.000000 0.000000 0.000000
31 1494022986 71.000000 -1.000000 -101.000000 0.000000 0.000000
31 1494022987 71.000000 -1.000000 -101.000000 0.000000 0.000000
31 1494022988 71.000000 -1.000000 -101.000000 0.000000 0.000000
28 1494022989 59.600000 -1.000000 -101.000000 0.000000 0.000000
28 1494022990 59.600000 -1.000000 -101.000000 0.000000 0.000000
28 1494022991 62.000000 -1.000000 -101.000000 0.000000 0.000000
28 1494022992 62.000000 -1.000000 -101.000000 0.000000 0.000000
28 1494022993 62.000000 -1.000000 -101.000000 0.000000 0.000000
31 1494022989 71.000000 -1.000000 -101.000000 0.000000 0.000000
31 1494022990 71.000000 -1.000000 -101.000000 0.000000 0.000000
31 1494022991 59.400000 -1.000000 -101.000000 0.000000 0.000000
31 1494022992 59.400000 -1.000000 -101.000000 0.000000 0.000000
31 1494022993 59.400000 -1.000000 -101.000000 0.000000 0.000000
28 1494022994 62.000000 -1.000000 -101.000000 0.000000 0.000000
28 1494022995 62.000000 -1.000000 -101.000000 0.000000 0.000000
28 1494022996 51.800000 -1.000000 -101.000000 0.000000 0.000000
28 1494022997 51.800000 -1.000000 -101.000000 0.000000 0.000000
28 1494022998 51.800000 -1.000000 -101.000000 0.000000 0.000000
31 1494022994 59.400000 -1.000000 -101.000000 0.000000 0.000000
31 1494022995 59.400000 -1.000000 -101.000000 0.000000 0.000000
31 1494022996 42.600000 -1.000000 -101.000000 0.000000 0.000000
31 1494022997 42.600000 -1.000000 -101.000000 0.000000 0.000000
31 1494022998 42.600000 -1.000000 -101.000000 0.000000 0.000000
28 1494022999 51.800000 -1.000000 -101.000000 0.000000 0.000000
28 1494023000 51.800000 -1.000000 -101.000000 0.000000 0.000000
28 1494023001 57.400000 -1.000000 -101.000000 0.000000 0.000000
28 1494023002 57.400000 -1.000000 -101.000000 0.000000 0.000000
28 1494023003 57.400000 -1.000000 -101.000000 0.000000 0.000000
31 1494022999 42.600000 -1.000000 -101.000000 0.000000 0.000000
31 1494023000 42.600000 -1.000000 -101.000000 0.000000 0.000000
31 1494023001 64.400000 -1.000000 -101.000000 0.000000 0.000000
31 1494023002 64.400000 -1.000000 -101.000000 0.000000 0.000000
31 1494023003 64.400000 -1.000000 -101.000000 0.000000 0.000000
28 1494023004 57.400000 -1.000000 -101.000000 0.000000 0.000000
28 1494023005 57.400000 -1.000000 -101.000000 0.000000 0.000000
28 1494023006 47.800000 -1.000000 -101.000000 0.000000 0.000000
28 1494023007 47.800000 -1.000000 -101.000000 0.000000 0.000000
28 1494023008 47.800000 -1.000000 -101.000000 0.000000 0.000000
31 1494023004 64.400000 -1.000000 -101.000000 0.000000 0.000000
31 1494023005 64.400000 -1.000000 -101.000000 0.000000 0.000000
31 1494023006 53.400000 -1.000000 -101.000000 0.000000 0.000000
31 1494023007 53.400000 -1.000000 -101.000000 0.000000 0.000000
31 1494023008 53.400000 -1.000000 -101.000000 0.000000 0.000000
28 1494023009 47.800000 -1.000000 -101.000000 0.000000 0.000000
28 1494023010 47.800000 -1.000000 -101.000000 0.000000 0.000000
28 1494023011 49.600000 -1.000000 -101.000000 0.000000 0.000000
28 1494023012 49.600000 -1.000000 -101.000000 0.000000 0.000000
28 1494023013 49.600000 -1.000000 -101.000000 0.000000 0.000000
31 1494023009 53.400000 -1.000000 -101.000000 0.000000 0.000000
31 1494023010 53.400000 -1.000000 -101.000000 0.000000 0.000000
31 1494023011 42.200000 -1.000000 -101.000000 0.000000 0.000000
31 1494023012 42.200000 -1.000000 -101.000000 0.000000 0.000000
31 1494023013 42.200000 -1.000000 -101.000000 0.000000 0.000000
28 1494023014 49.600000 -1.000000 -101.000000 0.000000 0.000000
28 1494023015 49.600000 -1.000000 -101.000000 0.000000 0.000000
28 1494023016 42.000000 -1.000000 -101.000000 0.000000 0.000000
28 1494023017 42.000000 -1.000000 -101.000000 0.000000 0.000000
28 1494023018 42.000000 -1.000000 -101.000000 0.000000 0.000000
31 1494023014 42.200000 -1.000000 -101.000000 0.000000 0.000000
31 1494023015 42.200000 -1.000000 -101.000000 0.000000 0.000000
31 1494023016 45.000000 -1.000000 -101.000000 0.000000 0.000000
31 1494023017 45.000000 -1.000000 -101.000000 0.000000 0.000000
31 1494023018 45.000000 -1.000000 -101.000000 0.000000 0.000000
28 1494023019 42.000000 -1.000000 -101.000000 0.000000 0.000000
28 1494023020 42.000000 -1.000000 -101.000000 0.000000 0.000000
28 1494023021 46.600000 -1.000000 -101.000000 0.000000 0.000000
28 1494023022 46.600000 -1.000000 -101.000000 0.000000 0.000000
28 1494023023 46.600000 -1.000000 -101.000000 0.000000 0.000000
31 1494023019 45.000000 -1.000000 -101.000000 0.000000 0.000000
31 1494023020 45.000000 -1.000000 -101.000000 0.000000 0.000000
31 1494023021 49.400000 -1.000000 -101.000000 0.000000 0.000000
31 1494023022 49.400000 -1.000000 -101.000000 0.000000 0.000000
31 1494023023 49.400000 -1.000000 -101.000000 0.000000 0.000000
28 1494023024 46.600000 -1.000000 -101.000000 0.000000 0.000000
28 1494023025 46.600000 -1.000000 -101.000000 0.000000 0.000000
28 1494023026 51.000000 -1.000000 -101.000000 0.000000 0.000000
28 1494023027 51.000000 -1.000000 -101.000000 0.000000 0.000000
28 1494023028 51.000000 -1.000000 -101.000000 0.000000 0.000000
31 1494023024 49.400000 -1.000000 -101.000000 0.000000 0.000000
31 1494023025 49.400000 -1.000000 -101.000000 0.000000 0.000000
31 1494023026 48.600000 -1.000000 -101.000000 0.000000 0.000000
31 1494023027 48.600000 -1.000000 -101.000000 0.000000 0.000000
31 1494023028 48.600000 -1.000000 -101.000000 0.000000 0.000000
28 1494023029 51.000000 -1.000000 -101.000000 0.000000 0.000000
28 1494023030 51.000000 -1.000000 -101.000000 0.000000 0.000000
28 1494023031 44.800000 -1.000000 -101.000000 0.000000 0.000000
28 1494023032 44.800000 -1.000000 -101.000000 0.000000 0.000000
28 1494023033 44.800000 -1.000000 -101.000000 0.000000 0.000000
31 1494023029 48.600000 -1.000000 -101.000000 0.000000 0.000000
31 1494023030 48.600000 -1.000000 -101.000000 0.000000 0.000000
31 1494023031 40.000000 -1.000000 -101.000000 0.000000 0.000000
31 1494023032 40.000000 -1.000000 -101.000000 0.000000 0.000000
31 1494023033 40.000000 -1.000000 -101.000000 0.000000 0.000000
28 1494023034 44.800000 -1.000000 -101.000000 0.000000 0.000000
28 1494023035 44.800000 -1.000000 -101.000000 0.000000 0.000000
28 1494023036 46.400000 -1.000000 -101.000000 0.000000 0.000000
28 1494023037 46.400000 -1.000000 -101.000000 0.000000 0.000000
28 1494023038 46.400000 -1.000000 -101.000000 0.000000 0.000000
31 1494023034 40.000000 -1.000000 -101.000000 0.000000 0.000000
31 1494023035 40.000000 -1.000000 -101.000000 0.000000 0.000000
31 1494023036 48.600000 -1.000000 -101.000000 0.000000 0.000000
31 1494023037 48.600000 -1.000000 -101.000000 0.000000 0.000000
31 1494023038 48.600000 -1.000000 -101.000000 0.000000 0.000000
28 1494023039 46.400000 -1.000000 -101.000000 0.000000 0.000000
28 1494023040 46.400000 -1.000000 -101.000000 0.000000 0.000000
28 1494023041 46.600000 -1.000000 -101.000000 0.000000 0.000000
28 1494023042 46.600000 -1.000000 -101.000000 0.000000 0.000000
28 1494023043 46.600000 -1.000000 -101.000000 0.000000 0.000000
31 1494023039 48.600000 -1.000000 -101.000000 0.000000 0.000000
31 1494023040 48.600000 -1.000000 -101.000000 0.000000 0.000000
31 1494023041 46.600000 -1.000000 -101.000000 0.000000 0.000000
31 1494023042 46.600000 -1.000000 -101.000000 0.000000 0.000000
31 1494023043 46.600000 -1.000000 -101.000000 0.000000 0.000000
28 1494023044 46.600000 -1.000000 -101.000000 0.000000 0.000000
28 1494023045 46.600000 -1.000000 -101.000000 0.000000 0.000000
28 1494023046 51.600000 -1.000000 -101.000000 0.000000 0.000000
28 1494023047 51.600000 -1.000000 -101.000000 0.000000 0.000000
28 1494023048 51.600000 -1.000000 -101.000000 0.000000 0.000000
31 1494023044 46.600000 -1.000000 -101.000000 0.000000 0.000000
31 1494023045 46.600000 -1.000000 -101.000000 0.000000 0.000000
31 1494023046 55.400000 -1.000000 -101.000000 0.000000 0.000000
31 1494023047 55.400000 -1.000000 -101.000000 0.000000 0.000000
31 1494023048 55.400000 -1.000000 -101.000000 0.000000 0.000000
28 1494023049 51.600000 -1.000000 -101.000000 0.000000 0.000000
28 1494023050 51.600000 -1.000000 -101.000000 0.000000 0.000000
28 1494023051 53.800000 -1.000000 -101.000000 0.000000 0.000000
28 1494023052 53.800000 -1.000000 -101.000000 0.000000 0.000000
28 1494023053 53.800000 -1.000000 -101.000000 0.000000 0.000000
31 1494023049 55.400000 -1.000000 -101.000000 0.000000 0.000000
31 1494023050 55.400000 -1.000000 -101.000000 0.000000 0.000000
31 1494023051 53.400000 -1.000000 -101.000000 0.000000 0.000000
31 1494023052 53.400000 -1.000000 -101.000000 0.000000 0.000000
31 1494023053 53.400000 -1.000000 -101.000000 0.000000 0.000000
28 1494023054 53.800000 -1.000000 -101.000000 0.000000 0.000000
28 1494023055 53.800000 -1.000000 -101.000000 0.000000 0.000000
28 1494023056 56.200000 -1.000000 -101.000000 0.000000 0.000000
28 1494023057 56.200000 -1.000000 -101.000000 0.000000 0.000000
28 1494023058 56.200000 -1.000000 -101.000000 0.000000 0.000000
31 1494023054 53.400000 -1.000000 -101.000000 0.000000 0.000000
31 1494023055 53.400000 -1.000000 -101.000000 0.000000 0.000000
31 1494023056 56.200000 -1.000000 -101.000000 0.000000 0.000000
31 1494023057 56.200000 -1.000000 -101.000000 0.000000 0.000000
31 1494023058 56.200000 -1.000000 -101.000000 0.000000 0.000000
28 1494023059 56.200000 -1.000000 -101.000000 0.000000 0.000000
28 1494023060 56.200000 -1.000000 -101.000000 0.000000 0.000000
28 1494023061 54.600000 -1.000000 -101.000000 0.000000 0.000000
28 1494023062 54.600000 -1.000000 -101.000000 0.000000 0.000000
28 1494023063 54.600000 -1.000000 -101.000000 0.000000 0.000000
31 1494023059 56.200000 -1.000000 -101.000000 0.000000 0.000000
31 1494023060 56.200000 -1.000000 -101.000000 0.000000 0.000000
31 1494023061 54.400000 -1.000000 -101.000000 0.000000 0.000000
31 1494023062 54.400000 -1.000000 -101.000000 0.000000 0.000000
31 1494023063 54.400000 -1.000000 -101.000000 0.000000 0.000000
28 1494023064 54.600000 -1.000000 -101.000000 0.000000 0.000000
28 1494023065 54.600000 -1.000000 -101.000000 0.000000 0.000000
28 1494023066 57.800000 -1.000000 -101.000000 0.000000 0.000000
28 1494023067 57.800000 -1.000000 -101.000000 0.000000 0.000000
28 1494023068 57.800000 -1.000000 -101.000000 0.000000 0.000000
31 1494023064 54.400000 -1.000000 -101.000000 0.000000 0.000000
31 1494023065 54.400000 -1.000000 -101.000000 0.000000 0.000000
31 1494023066 56.800000 -1.000000 -101.000000 0.000000 0.000000
31 1494023067 56.800000 -1.000000 -101.000000 0.000000 0.000000
31 1494023068 56.800000 -1.000000 -101.000000 0.000000 0.000000
28 1494023069 57.800000 -1.000000 -101.000000 0.000000 0.000000
28 1494023070 57.800000 -1.000000 -101.000000 0.000000 0.000000
28 1494023071 62.200000 -1.000000 -101.000000 0.000000 0.000000
28 1494023072 62.200000 -1.000000 -101.000000 0.000000 0.000000
28 1494023073 62.200000 -1.000000 -101.000000 0.000000 0.000000
31 1494023069 56.800000 -1.000000 -101.000000 0.000000 0.000000
31 1494023070 56.800000 -1.000000 -101.000000 0.000000 0.000000
31 1494023071 61.400000 -1.000000 -101.000000 0.000000 0.000000
31 1494023072 61.400000 -1.000000 -101.000000 0.000000 0.000000
31 1494023073 61.400000 -1.000000 -101.000000 0.000000 0.000000
28 1494023074 62.200000 -1.000000 -101.000000 0.000000 0.000000
28 1494023075 62.200000 -1.000000 -101.000000 0.000000 0.000000
28 1494023076 59.800000 -1.000000 -101.000000 0.000000 0.000000
28 1494023077 59.800000 -1.000000 -101.000000 0.000000 0.000000
28 1494023078 59.800000 -1.000000 -101.000000 0.000000 0.000000
31 1494023074 61.400000 -1.000000 -101.000000 0.000000 0.000000
31 1494023075 61.400000 -1.000000 -101.000000 0.000000 0.000000
31 1494023076 61.600000 -1.000000 -101.000000 0.000000 0.000000
31 1494023077 61.600000 -1.000000 -101.000000 0.000000 0.000000
31 1494023078 61.600000 -1.000000 -101.000000 0.000000 0.000000
28 1494023079 59.800000 -1.000000 -101.000000 0.000000 0.000000
28 1494023080 59.800000 -1.000000 -101.000000 0.000000 0.000000
28 1494023081 42.800000 -1.000000 -101.000000 0.000000 0.000000
28 1494023082 42.800000 -1.000000 -101.000000 0.000000 0.000000
28 1494023083 42.800000 -1.000000 -101.000000 0.000000 0.000000
31 1494023079 61.600000 -1.000000 -101.000000 0.000000 0.000000
31 1494023080 61.600000 -1.000000 -101.000000 0.000000 0.000000
31 1494023081 41.400000 -1.000000 -101.000000 0.000000 0.000000
31 1494023082 41.400000 -1.000000 -101.000000 0.000000 0.000000
31 1494023083 41.400000 -1.000000 -101.000000 0.000000 0.000000
28 1494023084 42.800000 -1.000000 -101.000000 0.000000 0.000000
28 1494023085 42.800000 -1.000000 -101.000000 0.000000 0.000000
28 1494023086 52.400000 -1.000000 -101.000000 0.000000 0.000000
28 1494023087 52.400000 -1.000000 -101.000000 0.000000 0.000000
28 1494023088 52.400000 -1.000000 -101.000000 0.000000 0.000000
31 1494023084 41.400000 -1.000000 -101.000000 0.000000 0.000000
31 1494023085 41.400000 -1.000000 -101.000000 0.000000 0.000000
31 1494023086 47.800000 -1.000000 -101.000000 0.000000 0.000000
31 1494023087 47.800000 -1.000000 -101.000000 0.000000 0.000000
31 1494023088 47.800000 -1.000000 -101.000000 0.000000 0.000000
28 1494023089 52.400000 -1.000000 -101.000000 0.000000 0.000000
28 1494023090 52.400000 -1.000000 -101.000000 0.000000 0.000000
28 1494023091 57.400000 -1.000000 -101.000000 0.000000 0.000000
28 1494023092 57.400000 -1.000000 -101.000000 0.000000 0.000000
28 1494023093 57.400000 -1.000000 -101.000000 0.000000 0.000000
31 1494023089 47.800000 -1.000000 -101.000000 0.000000 0.000000
31 1494023090 47.800000 -1.000000 -101.000000 0.000000 0.000000
31 1494023091 66.200000 -1.000000 -101.000000 0.000000 0.000000
31 1494023092 66.200000 -1.000000 -101.000000 0.000000 0.000000
31 1494023093 66.200000 -1.000000 -101.000000 0.000000 0.000000
28 1494023094 57.400000 -1.000000 -101.000000 0.000000 0.000000
28 1494023095 57.400000 -1.000000 -101.000000 0.000000 0.000000
28 1494023096 62.800000 -1.000000 -101.000000 0.000000 0.000000
28 1494023097 62.800000 -1.000000 -101.000000 0.000000 0.000000
28 1494023098 62.800000 -1.000000 -101.000000 0.000000 0.000000
31 1494023094 66.200000 -1.000000 -101.000000 0.000000 0.000000
31 1494023095 66.200000 -1.000000 -101.000000 0.000000 0.000000
31 1494023096 54.200000 -1.000000 -101.000000 0.000000 0.000000
31 1494023097 54.200000 -1.000000 -101.000000 0.000000 0.000000
31 1494023098 54.200000 -1.000000 -101.000000 0.000000 0.000000
28 1494023099 62.800000 -1.000000 -101.000000 0.000000 0.000000
28 1494023100 62.800000 -1.000000 -101.000000 0.000000 0.000000
28 1494023101 57.600000 -1.000000 -101.000000 0.000000 0.000000
28 1494023102 57.600000 -1.000000 -101.000000 0.000000 0.000000
28 1494023103 57.600000 -1.000000 -101.000000 0.000000 0.000000
31 1494023099 54.200000 -1.000000 -101.000000 0.000000 0.000000
31 1494023100 54.200000 -1.000000 -101.000000 0.000000 0.000000
31 1494023101 52.800000 -1.000000 -101.000000 0.000000 0.000000
31 1494023102 52.800000 -1.000000 -101.000000 0.000000 0.000000
31 1494023103 52.800000 -1.000000 -101.000000 0.000000 0.000000
28 1494023104 57.600000 -1.000000 -101.000000 0.000000 0.000000
28 1494023105 57.600000 -1.000000 -101.000000 0.000000 0.000000
28 1494023106 59.400000 -1.000000 -101.000000 0.000000 0.000000
28 1494023107 59.400000 -1.000000 -101.000000 0.000000 0.000000
28 1494023108 59.400000 -1.000000 -101.000000 0.000000 0.000000
31 1494023104 52.800000 -1.000000 -101.000000 0.000000 0.000000
31 1494023105 52.800000 -1.000000 -101.000000 0.000000 0.000000
31 1494023106 68.200000 -1.000000 -101.000000 0.000000 0.000000
31 1494023107 68.200000 -1.000000 -101.000000 0.000000 0.000000
31 1494023108 68.200000 -1.000000 -101.000000 0.000000 0.000000
28 1494023109 59.400000 -1.000000 -101.000000 0.000000 0.000000
28 1494023110 59.400000 -1.000000 -101.000000 0.000000 0.000000
28 1494023111 46.400000 -1.000000 -101.000000 0.000000 0.000000
28 1494023112 46.400000 -1.000000 -101.000000 0.000000 0.000000
28 1494023113 46.400000 -1.000000 -101.000000 0.000000 0.000000
31 1494023109 68.200000 -1.000000 -101.000000 0.000000 0.000000
31 1494023110 68.200000 -1.000000 -101.000000 0.000000 0.000000
31 1494023111 47.800000 -1.000000 -101.000000 0.000000 0.000000
31 1494023112 47.800000 -1.000000 -101.000000 0.000000 0.000000
31 1494023113 47.800000 -1.000000 -101.000000 0.000000 0.000000
28 1494023114 46.400000 -1.000000 -101.000000 0.000000 0.000000
28 1494023115 46.400000 -1.000000 -101.000000 0.000000 0.000000
28 1494023116 56.400000 -1.000000 -101.000000 0.000000 0.000000
28 1494023117 56.400000 -1.000000 -101.000000 0.000000 0.000000
28 1494023118 56.400000 -1.000000 -101.000000 0.000000 0.000000
31 1494023114 47.800000 -1.000000 -101.000000 0.000000 0.000000
31 1494023115 47.800000 -1.000000 -101.000000 0.000000 0.000000
31 1494023116 47.800000 -1.000000 -101.000000 0.000000 0.000000
31 1494023117 47.800000 -1.000000 -101.000000 0.000000 0.000000
31 1494023118 47.800000 -1.000000 -101.000000 0.000000 0.000000
28 1494023119 56.400000 -1.000000 -101.000000 0.000000 0.000000
28 1494023120 56.400000 -1.000000 -101.000000 0.000000 0.000000
28 1494023121 54.600000 -1.000000 -101.000000 0.000000 0.000000
28 1494023122 54.600000 -1.000000 -101.000000 0.000000 0.000000
28 1494023123 54.600000 -1.000000 -101.000000 0.000000 0.000000
31 1494023119 47.800000 -1.000000 -101.000000 0.000000 0.000000
31 1494023120 47.800000 -1.000000 -101.000000 0.000000 0.000000
31 1494023121 59.600000 -1.000000 -101.000000 0.000000 0.000000
31 1494023122 59.600000 -1.000000 -101.000000 0.000000 0.000000
31 1494023123 59.600000 -1.000000 -101.000000 0.000000 0.000000
28 1494023124 54.600000 -1.000000 -101.000000 0.000000 0.000000
28 1494023125 54.600000 -1.000000 -101.000000 0.000000 0.000000
28 1494023126 64.400000 -1.000000 -101.000000 0.000000 0.000000
28 1494023127 64.400000 -1.000000 -101.000000 0.000000 0.000000
28 1494023128 64.400000 -1.000000 -101.000000 0.000000 0.000000
31 1494023124 59.600000 -1.000000 -101.000000 0.000000 0.000000
31 1494023125 59.600000 -1.000000 -101.000000 0.000000 0.000000
31 1494023126 73.600000 -1.000000 -101.000000 0.000000 0.000000
31 1494023127 73.600000 -1.000000 -101.000000 0.000000 0.000000
31 1494023128 73.600000 -1.000000 -101.000000 0.000000 0.000000
28 1494023129 64.400000 -1.000000 -101.000000 0.000000 0.000000
28 1494023130 64.400000 -1.000000 -101.000000 0.000000 0.000000
28 1494023131 54.400000 -1.000000 -101.000000 0.000000 0.000000
28 1494023132 54.400000 -1.000000 -101.000000 0.000000 0.000000
28 1494023133 54.400000 -1.000000 -101.000000 0.000000 0.000000
31 1494023129 73.600000 -1.000000 -101.000000 0.000000 0.000000
31 1494023130 73.600000 -1.000000 -101.000000 0.000000 0.000000
31 1494023131 48.000000 -1.000000 -101.000000 0.000000 0.000000
31 1494023132 48.000000 -1.000000 -101.000000 0.000000 0.000000
31 1494023133 48.000000 -1.000000 -101.000000 0.000000 0.000000
28 1494023134 54.400000 -1.000000 -101.000000 0.000000 0.000000
28 1494023135 54.400000 -1.000000 -101.000000 0.000000 0.000000
28 1494023136 55.000000 -1.000000 -101.000000 0.000000 0.000000
28 1494023137 55.000000 -1.000000 -101.000000 0.000000 0.000000
28 1494023138 55.000000 -1.000000 -101.000000 0.000000 0.000000
31 1494023134 48.000000 -1.000000 -101.000000 0.000000 0.000000
31 1494023135 48.000000 -1.000000 -101.000000 0.000000 0.000000
31 1494023136 57.000000 -1.000000 -101.000000 0.000000 0.000000
31 1494023137 57.000000 -1.000000 -101.000000 0.000000 0.000000
31 1494023138 57.000000 -1.000000 -101.000000 0.000000 0.000000
28 1494023139 55.000000 -1.000000 -101.000000 0.000000 0.000000
31 1494023139 57.000000 -1.000000 -101.000000 0.000000 0.000000
31 1494023202 94.000000 -1.000000 94.000000 94.000000 0.000000
31 1494023201 94.000000 -1.000000 94.000000 94.000000 0.000000
31 1494023200 99.000000 -1.000000 99.000000 99.000000 0.000000
31 1494023199 99.000000 -1.000000 99.000000 99.000000 0.000000
31 1494023198 99.000000 -1.000000 99.000000 99.000000 0.000000
31 1494023197 99.000000 -1.000000 99.000000 99.000000 0.000000
31 1494023196 99.000000 -1.000000 99.000000 99.000000 0.000000
31 1494023195 67.400000 -1.000000 67.400000 67.400000 0.000000
31 1494023194 67.400000 -1.000000 67.400000 67.400000 0.000000
31 1494023193 67.400000 -1.000000 67.400000 67.400000 0.000000
31 1494023192 67.400000 -1.000000 67.400000 67.400000 0.000000
31 1494023191 67.400000 -1.000000 67.400000 67.400000 0.000000
31 1494023190 37.800000 -1.000000 37.800000 37.800000 0.000000
31 1494023189 37.800000 -1.000000 37.800000 37.800000 0.000000
31 1494023188 37.800000 -1.000000 37.800000 37.800000 0.000000
31 1494023187 37.800000 -1.000000 37.800000 37.800000 0.000000
31 1494023186 37.800000 -1.000000 37.800000 37.800000 0.000000
31 1494023185 51.400000 -1.000000 51.400000 51.400000 0.000000
31 1494023184 51.400000 -1.000000 51.400000 51.400000 0.000000
31 1494023183 51.400000 -1.000000 51.400000 51.400000 0.000000
31 1494023182 51.400000 -1.000000 51.400000 51.400000 0.000000
31 1494023181 51.400000 -1.000000 51.400000 51.400000 0.000000
31 1494023180 77.400000 -1.000000 77.400000 77.400000 0.000000
31 1494023179 77.400000 -1.000000 77.400000 77.400000 0.000000
31 1494023178 77.400000 -1.000000 77.400000 77.400000 0.000000
31 1494023177 77.400000 -1.000000 77.400000 77.400000 0.000000
31 1494023176 77.400000 -1.000000 77.400000 77.400000 0.000000
31 1494023175 55.200000 -1.000000 55.200000 55.200000 0.000000
31 1494023174 55.200000 -1.000000 55.200000 55.200000 0.000000
31 1494023173 55.200000 -1.000000 55.200000 55.200000 0.000000
31 1494023172 55.200000 -1.000000 55.200000 55.200000 0.000000
31 1494023171 55.200000 -1.000000 55.200000 55.200000 0.000000
31 1494023170 32.600000 -1.000000 32.600000 32.600000 0.000000
31 1494023169 32.600000 -1.000000 32.600000 32.600000 0.000000
31 1494023168 32.600000 -1.000000 32.600000 32.600000 0.000000
31 1494023167 32.600000 -1.000000 32.600000 32.600000 0.000000
31 1494023166 32.600000 -1.000000 32.600000 32.600000 0.000000
31 1494023165 66.000000 -1.000000 66.000000 66.000000 0.000000
31 1494023164 66.000000 -1.000000 66.000000 66.000000 0.000000
31 1494023163 66.000000 -1.000000 66.000000 66.000000 0.000000
31 1494023162 66.000000 -1.000000 66.000000 66.000000 0.000000
31 1494023161 66.000000 -1.000000 66.000000 66.000000 0.000000
31 1494023160 59.800000 -1.000000 59.800000 59.800000 0.000000
31 1494023159 59.800000 -1.000000 59.800000 59.800000 0.000000
31 1494023158 59.800000 -1.000000 59.800000 59.800000 0.000000
31 1494023157 59.800000 -1.000000 59.800000 59.800000 0.000000
31 1494023156 59.800000 -1.000000 59.800000 59.800000 0.000000
31 1494023155 60.400000 -1.000000 60.400000 60.400000 0.000000
31 1494023154 60.400000 -1.000000 60.400000 60.400000 0.000000
31 1494023153 60.400000 -1.000000 60.400000 60.400000 0.000000
31 1494023152 60.400000 -1.000000 60.400000 60.400000 0.000000
31 1494023151 60.400000 -1.000000 60.400000 60.400000 0.000000
31 1494023150 45.400000 -1.000000 45.400000 45.400000 0.000000
31 1494023149 45.400000 -1.000000 45.400000 45.400000 0.000000
31 1494023148 45.400000 -1.000000 45.400000 45.400000 0.000000
31 1494023147 45.400000 -1.000000 45.400000 45.400000 0.000000
31 1494023146 45.400000 -1.000000 45.400000 45.400000 0.000000
31 1494023145 68.600000 -1.000000 68.600000 68.600000 0.000000
31 1494023144 68.600000 -1.000000 68.600000 68.600000 0.000000
31 1494023143 68.600000 -1.000000 68.600000 68.600000 0.000000
31 1494023142 68.600000 -1.000000 68.600000 68.600000 0.000000
31 1494023141 68.600000 -1.000000 68.600000 68.600000 0.000000
31 1494023140 57.000000 -1.000000 57.000000 57.000000 0.000000
28 1494023202 92.000000 -1.000000 92.000000 92.000000 0.000000
28 1494023201 92.000000 -1.000000 92.000000 92.000000 0.000000
28 1494023200 81.600000 -1.000000 81.600000 81.600000 0.000000
28 1494023199 81.600000 -1.000000 81.600000 81.600000 0.000000
28 1494023198 81.600000 -1.000000 81.600000 81.600000 0.000000
28 1494023197 81.600000 -1.000000 81.600000 81.600000 0.000000
28 1494023196 81.600000 -1.000000 81.600000 81.600000 0.000000
28 1494023195 62.200000 -1.000000 62.200000 62.200000 0.000000
28 1494023194 62.200000 -1.000000 62.200000 62.200000 0.000000
28 1494023193 62.200000 -1.000000 62.200000 62.200000 0.000000
28 1494023192 62.200000 -1.000000 62.200000 62.200000 0.000000
28 1494023191 62.200000 -1.000000 62.200000 62.200000 0.000000
28 1494023190 39.600000 -1.000000 39.600000 39.600000 0.000000
28 1494023189 39.600000 -1.000000 39.600000 39.600000 0.000000
28 1494023188 39.600000 -1.000000 39.600000 39.600000 0.000000
28 1494023187 39.600000 -1.000000 39.600000 39.600000 0.000000
28 1494023186 39.600000 -1.000000 39.600000 39.600000 0.000000
28 1494023185 59.800000 -1.000000 59.800000 59.800000 0.000000
28 1494023184 59.800000 -1.000000 59.800000 59.800000 0.000000
28 1494023183 59.800000 -1.000000 59.800000 59.800000 0.000000
28 1494023182 59.800000 -1.000000 59.800000 59.800000 0.000000
28 1494023181 59.800000 -1.000000 59.800000 59.800000 0.000000
28 1494023180 62.800000 -1.000000 62.800000 62.800000 0.000000
28 1494023179 62.800000 -1.000000 62.800000 62.800000 0.000000
28 1494023178 62.800000 -1.000000 62.800000 62.800000 0.000000
28 1494023177 62.800000 -1.000000 62.800000 62.800000 0.000000
28 1494023176 62.800000 -1.000000 62.800000 62.800000 0.000000
28 1494023175 56.000000 -1.000000 56.000000 56.000000 0.000000
28 1494023174 56.000000 -1.000000 56.000000 56.000000 0.000000
28 1494023173 56.000000 -1.000000 56.000000 56.000000 0.000000
28 1494023172 56.000000 -1.000000 56.000000 56.000000 0.000000
28 1494023171 56.000000 -1.000000 56.000000 56.000000 0.000000
28 1494023170 46.200000 -1.000000 46.200000 46.200000 0.000000
28 1494023169 46.200000 -1.000000 46.200000 46.200000 0.000000
28 1494023168 46.200000 -1.000000 46.200000 46.200000 0.000000
28 1494023167 46.200000 -1.000000 46.200000 46.200000 0.000000
28 1494023166 46.200000 -1.000000 46.200000 46.200000 0.000000
28 1494023165 70.600000 -1.000000 70.600000 70.600000 0.000000
28 1494023164 70.600000 -1.000000 70.600000 70.600000 0.000000
28 1494023163 70.600000 -1.000000 70.600000 70.600000 0.000000
28 1494023162 70.600000 -1.000000 70.600000 70.600000 0.000000
28 1494023161 70.600000 -1.000000 70.600000 70.600000 0.000000
28 1494023160 56.800000 -1.000000 56.800000 56.800000 0.000000
28 1494023159 56.800000 -1.000000 56.800000 56.800000 0.000000
28 1494023158 56.800000 -1.000000 56.800000 56.800000 0.000000
28 1494023157 56.800000 -1.000000 56.800000 56.800000 0.000000
28 1494023156 56.800000 -1.000000 56.800000 56.800000 0.000000
28 1494023155 51.600000 -1.000000 51.600000 51.600000 0.000000
28 1494023154 51.600000 -1.000000 51.600000 51.600000 0.000000
28 1494023153 51.600000 -1.000000 51.600000 51.600000 0.000000
28 1494023152 51.600000 -1.000000 51.600000 51.600000 0.000000
28 1494023151 51.600000 -1.000000 51.600000 51.600000 0.000000
28 1494023150 54.800000 -1.000000 54.800000 54.800000 0.000000
28 1494023149 54.800000 -1.000000 54.800000 54.800000 0.000000
28 1494023148 54.800000 -1.000000 54.800000 54.800000 0.000000
28 1494023147 54.800000 -1.000000 54.800000 54.800000 0.000000
28 1494023146 54.800000 -1.000000 54.800000 54.800000 0.000000
28 1494023145 64.200000 -1.000000 64.200000 64.200000 0.000000
28 1494023144 64.200000 -1.000000 64.200000 64.200000 0.000000
28 1494023143 64.200000 -1.000000 64.200000 64.200000 0.000000
28 1494023142 64.200000 -1.000000 64.200000 64.200000 0.000000
28 1494023141 64.200000 -1.000000 64.200000 64.200000 0.000000
28 1494023140 55.000000 -1.000000 55.000000 55.000000 0.000000
